Program Duration,98.67163931166667,mins

Hand,P1 - F,P2 - F,P1 - S,P2 - S
AsKs,317.0,317.0,1.0,1.0
AsQs,317.0,317.0,1.0,1.0
AsJs,317.0,317.0,1.0,1.0
AsTs,317.0,317.0,1.0,1.0
As9s,317.0,317.0,1.0,1.0
As8s,317.0,317.0,1.0,1.0
As7s,317.0,317.0,1.0,1.0
As6s,317.0,317.0,1.0,1.0
As5s,317.0,317.0,1.0,1.0
As4s,317.0,317.0,1.0,1.0
As3s,317.0,317.0,1.0,1.0
As2s,317.0,317.0,1.0,1.0
AsAc,317.0,317.0,1.0,1.0
AsKc,317.0,317.0,1.0,1.0
AsQc,317.0,317.0,1.0,1.0
AsJc,317.0,317.0,1.0,1.0
AsTc,317.0,317.0,1.0,1.0
As9c,317.0,317.0,1.0,1.0
As8c,317.0,317.0,1.0,1.0
As7c,317.0,317.0,1.0,1.0
As6c,317.0,317.0,1.0,1.0
As5c,317.0,317.0,1.0,1.0
As4c,317.0,317.0,1.0,1.0
As3c,317.0,317.0,1.0,1.0
As2c,317.0,317.0,1.0,1.0
AsAd,317.0,317.0,1.0,1.0
AsKd,317.0,317.0,1.0,1.0
AsQd,317.0,317.0,1.0,1.0
AsJd,317.0,317.0,1.0,1.0
AsTd,317.0,317.0,1.0,1.0
As9d,317.0,317.0,1.0,1.0
As8d,317.0,317.0,1.0,1.0
As7d,317.0,317.0,1.0,1.0
As6d,317.0,317.0,1.0,1.0
As5d,317.0,317.0,1.0,1.0
As4d,317.0,317.0,1.0,1.0
As3d,317.0,317.0,1.0,1.0
As2d,317.0,317.0,1.0,1.0
AsAh,317.0,317.0,1.0,1.0
AsKh,317.0,317.0,1.0,1.0
AsQh,317.0,317.0,1.0,1.0
AsJh,317.0,317.0,1.0,1.0
AsTh,317.0,317.0,1.0,1.0
As9h,317.0,317.0,1.0,1.0
As8h,317.0,317.0,1.0,1.0
As7h,317.0,317.0,1.0,1.0
As6h,317.0,317.0,1.0,1.0
As5h,317.0,317.0,1.0,1.0
As4h,317.0,317.0,1.0,1.0
As3h,317.0,317.0,1.0,1.0
As2h,317.0,317.0,1.0,1.0
KsQs,317.0,317.0,1.0,1.0
KsJs,317.0,317.0,1.0,1.0
KsTs,317.0,317.0,1.0,1.0
Ks9s,317.0,317.0,1.0,1.0
Ks8s,317.0,317.0,1.0,1.0
Ks7s,317.0,317.0,1.0,1.0
Ks6s,317.0,317.0,1.0,1.0
Ks5s,317.0,317.0,1.0,1.0
Ks4s,317.0,317.0,1.0,1.0
Ks3s,317.0,317.0,1.0,1.0
Ks2s,317.0,317.0,1.0,1.0
KsAc,317.0,317.0,1.0,1.0
KsKc,317.0,317.0,1.0,1.0
KsQc,317.0,317.0,1.0,1.0
KsJc,317.0,317.0,1.0,1.0
KsTc,317.0,317.0,1.0,1.0
Ks9c,317.0,317.0,1.0,1.0
Ks8c,317.0,317.0,1.0,1.0
Ks7c,317.0,317.0,1.0,1.0
Ks6c,317.0,317.0,1.0,1.0
Ks5c,317.0,317.0,1.0,1.0
Ks4c,317.0,317.0,1.0,1.0
Ks3c,317.0,317.0,1.0,1.0
Ks2c,317.0,317.0,1.0,1.0
KsAd,317.0,317.0,1.0,1.0
KsKd,317.0,317.0,1.0,1.0
KsQd,317.0,317.0,1.0,1.0
KsJd,317.0,317.0,1.0,1.0
KsTd,317.0,317.0,1.0,1.0
Ks9d,317.0,317.0,1.0,1.0
Ks8d,317.0,317.0,1.0,1.0
Ks7d,317.0,317.0,1.0,1.0
Ks6d,317.0,317.0,1.0,1.0
Ks5d,317.0,317.0,1.0,1.0
Ks4d,317.0,317.0,1.0,1.0
Ks3d,317.0,317.0,1.0,1.0
Ks2d,317.0,317.0,1.0,1.0
KsAh,317.0,317.0,1.0,1.0
KsKh,317.0,317.0,1.0,1.0
KsQh,317.0,317.0,1.0,1.0
KsJh,317.0,317.0,1.0,1.0
KsTh,317.0,317.0,1.0,1.0
Ks9h,317.0,317.0,1.0,1.0
Ks8h,317.0,317.0,1.0,1.0
Ks7h,317.0,317.0,1.0,1.0
Ks6h,317.0,317.0,1.0,1.0
Ks5h,317.0,317.0,1.0,1.0
Ks4h,317.0,317.0,1.0,1.0
Ks3h,317.0,317.0,1.0,1.0
Ks2h,317.0,317.0,1.0,1.0
QsJs,317.0,317.0,1.0,1.0
QsTs,317.0,317.0,1.0,1.0
Qs9s,317.0,317.0,1.0,1.0
Qs8s,317.0,317.0,1.0,1.0
Qs7s,317.0,317.0,1.0,1.0
Qs6s,317.0,317.0,1.0,1.0
Qs5s,317.0,317.0,1.0,1.0
Qs4s,317.0,317.0,1.0,1.0
Qs3s,317.0,317.0,1.0,1.0
Qs2s,317.0,317.0,1.0,1.0
QsAc,317.0,317.0,1.0,1.0
QsKc,317.0,317.0,1.0,1.0
QsQc,317.0,317.0,1.0,1.0
QsJc,317.0,317.0,1.0,1.0
QsTc,317.0,317.0,1.0,1.0
Qs9c,317.0,317.0,1.0,1.0
Qs8c,317.0,317.0,1.0,1.0
Qs7c,317.0,317.0,1.0,1.0
Qs6c,317.0,317.0,1.0,1.0
Qs5c,317.0,317.0,1.0,1.0
Qs4c,317.0,317.0,1.0,1.0
Qs3c,317.0,317.0,1.0,1.0
Qs2c,317.0,317.0,1.0,1.0
QsAd,317.0,317.0,1.0,1.0
QsKd,317.0,317.0,1.0,1.0
QsQd,317.0,317.0,1.0,1.0
QsJd,317.0,317.0,1.0,1.0
QsTd,317.0,317.0,1.0,1.0
Qs9d,317.0,317.0,1.0,1.0
Qs8d,317.0,317.0,1.0,1.0
Qs7d,317.0,317.0,1.0,1.0
Qs6d,317.0,317.0,1.0,1.0
Qs5d,317.0,317.0,1.0,1.0
Qs4d,317.0,317.0,1.0,1.0
Qs3d,317.0,317.0,1.0,1.0
Qs2d,317.0,317.0,1.0,1.0
QsAh,317.0,317.0,1.0,1.0
QsKh,317.0,317.0,1.0,1.0
QsQh,317.0,317.0,1.0,1.0
QsJh,317.0,317.0,1.0,1.0
QsTh,317.0,317.0,1.0,1.0
Qs9h,317.0,317.0,1.0,1.0
Qs8h,317.0,317.0,1.0,1.0
Qs7h,317.0,317.0,1.0,1.0
Qs6h,317.0,317.0,1.0,1.0
Qs5h,317.0,317.0,1.0,1.0
Qs4h,317.0,317.0,1.0,1.0
Qs3h,317.0,317.0,1.0,1.0
Qs2h,317.0,317.0,1.0,1.0
JsTs,317.0,317.0,1.0,1.0
Js9s,317.0,317.0,1.0,1.0
Js8s,317.0,317.0,1.0,1.0
Js7s,317.0,317.0,1.0,1.0
Js6s,317.0,317.0,1.0,1.0
Js5s,317.0,317.0,1.0,1.0
Js4s,317.0,317.0,1.0,1.0
Js3s,317.0,317.0,1.0,1.0
Js2s,317.0,317.0,1.0,1.0
JsAc,317.0,317.0,1.0,1.0
JsKc,317.0,317.0,1.0,1.0
JsQc,317.0,317.0,1.0,1.0
JsJc,317.0,317.0,1.0,1.0
JsTc,317.0,317.0,1.0,1.0
Js9c,317.0,317.0,1.0,1.0
Js8c,317.0,317.0,1.0,1.0
Js7c,317.0,317.0,1.0,1.0
Js6c,317.0,317.0,1.0,1.0
Js5c,317.0,317.0,1.0,1.0
Js4c,317.0,317.0,1.0,1.0
Js3c,317.0,317.0,1.0,1.0
Js2c,317.0,317.0,1.0,1.0
JsAd,317.0,317.0,1.0,1.0
JsKd,317.0,317.0,1.0,1.0
JsQd,317.0,317.0,1.0,1.0
JsJd,317.0,317.0,1.0,1.0
JsTd,317.0,317.0,1.0,1.0
Js9d,317.0,317.0,1.0,1.0
Js8d,317.0,317.0,1.0,1.0
Js7d,317.0,317.0,1.0,1.0
Js6d,317.0,317.0,1.0,1.0
Js5d,317.0,317.0,1.0,1.0
Js4d,317.0,317.0,1.0,1.0
Js3d,317.0,317.0,1.0,1.0
Js2d,317.0,317.0,1.0,1.0
JsAh,317.0,317.0,1.0,1.0
JsKh,317.0,317.0,1.0,1.0
JsQh,317.0,317.0,1.0,1.0
JsJh,317.0,317.0,1.0,1.0
JsTh,317.0,317.0,1.0,1.0
Js9h,317.0,317.0,1.0,1.0
Js8h,317.0,317.0,1.0,1.0
Js7h,317.0,317.0,1.0,1.0
Js6h,317.0,317.0,1.0,1.0
Js5h,317.0,317.0,1.0,1.0
Js4h,317.0,317.0,1.0,1.0
Js3h,317.0,317.0,1.0,1.0
Js2h,317.0,317.0,1.0,1.0
Ts9s,317.0,317.0,1.0,1.0
Ts8s,317.0,317.0,1.0,1.0
Ts7s,317.0,317.0,1.0,1.0
Ts6s,317.0,317.0,1.0,1.0
Ts5s,317.0,317.0,1.0,1.0
Ts4s,317.0,317.0,1.0,1.0
Ts3s,317.0,317.0,1.0,1.0
Ts2s,317.0,317.0,1.0,1.0
TsAc,317.0,317.0,1.0,1.0
TsKc,317.0,317.0,1.0,1.0
TsQc,317.0,317.0,1.0,1.0
TsJc,317.0,317.0,1.0,1.0
TsTc,317.0,317.0,1.0,1.0
Ts9c,317.0,317.0,1.0,1.0
Ts8c,317.0,317.0,1.0,1.0
Ts7c,317.0,317.0,1.0,1.0
Ts6c,317.0,317.0,1.0,1.0
Ts5c,317.0,317.0,1.0,1.0
Ts4c,317.0,317.0,1.0,1.0
Ts3c,317.0,317.0,1.0,1.0
Ts2c,317.0,317.0,1.0,1.0
TsAd,317.0,317.0,1.0,1.0
TsKd,317.0,317.0,1.0,1.0
TsQd,317.0,317.0,1.0,1.0
TsJd,317.0,317.0,1.0,1.0
TsTd,317.0,317.0,1.0,1.0
Ts9d,317.0,317.0,1.0,1.0
Ts8d,317.0,317.0,1.0,1.0
Ts7d,317.0,317.0,1.0,1.0
Ts6d,317.0,317.0,1.0,1.0
Ts5d,317.0,317.0,1.0,1.0
Ts4d,317.0,317.0,1.0,1.0
Ts3d,317.0,317.0,1.0,1.0
Ts2d,317.0,317.0,1.0,1.0
TsAh,317.0,317.0,1.0,1.0
TsKh,317.0,317.0,1.0,1.0
TsQh,317.0,317.0,1.0,1.0
TsJh,317.0,317.0,1.0,1.0
TsTh,317.0,317.0,1.0,1.0
Ts9h,317.0,317.0,1.0,1.0
Ts8h,317.0,317.0,1.0,1.0
Ts7h,317.0,317.0,1.0,1.0
Ts6h,317.0,317.0,1.0,1.0
Ts5h,317.0,317.0,1.0,1.0
Ts4h,317.0,317.0,1.0,1.0
Ts3h,317.0,317.0,1.0,1.0
Ts2h,317.0,317.0,1.0,1.0
9s8s,317.0,317.0,1.0,1.0
9s7s,317.0,317.0,1.0,1.0
9s6s,317.0,317.0,1.0,1.0
9s5s,317.0,317.0,1.0,1.0
9s4s,317.0,317.0,1.0,1.0
9s3s,317.0,317.0,1.0,1.0
9s2s,317.0,317.0,1.0,1.0
9sAc,317.0,317.0,1.0,1.0
9sKc,317.0,317.0,1.0,1.0
9sQc,317.0,317.0,1.0,1.0
9sJc,317.0,317.0,1.0,1.0
9sTc,317.0,317.0,1.0,1.0
9s9c,317.0,317.0,1.0,1.0
9s8c,317.0,317.0,1.0,1.0
9s7c,317.0,317.0,1.0,1.0
9s6c,317.0,317.0,1.0,1.0
9s5c,317.0,317.0,1.0,1.0
9s4c,317.0,317.0,1.0,1.0
9s3c,317.0,317.0,1.0,1.0
9s2c,317.0,317.0,1.0,1.0
9sAd,317.0,317.0,1.0,1.0
9sKd,317.0,317.0,1.0,1.0
9sQd,317.0,317.0,1.0,1.0
9sJd,317.0,317.0,1.0,1.0
9sTd,317.0,317.0,1.0,1.0
9s9d,317.0,317.0,1.0,1.0
9s8d,317.0,317.0,1.0,1.0
9s7d,317.0,317.0,1.0,1.0
9s6d,317.0,317.0,1.0,1.0
9s5d,317.0,317.0,1.0,1.0
9s4d,317.0,317.0,1.0,1.0
9s3d,317.0,317.0,1.0,1.0
9s2d,317.0,317.0,1.0,1.0
9sAh,317.0,317.0,1.0,1.0
9sKh,317.0,317.0,1.0,1.0
9sQh,317.0,317.0,1.0,1.0
9sJh,317.0,317.0,1.0,1.0
9sTh,317.0,317.0,1.0,1.0
9s9h,317.0,317.0,1.0,1.0
9s8h,317.0,317.0,1.0,1.0
9s7h,317.0,317.0,1.0,1.0
9s6h,317.0,317.0,1.0,1.0
9s5h,317.0,317.0,1.0,1.0
9s4h,317.0,317.0,1.0,1.0
9s3h,317.0,317.0,1.0,1.0
9s2h,317.0,317.0,1.0,1.0
8s7s,317.0,317.0,1.0,1.0
8s6s,317.0,317.0,1.0,1.0
8s5s,317.0,317.0,1.0,1.0
8s4s,317.0,317.0,1.0,1.0
8s3s,317.0,317.0,1.0,1.0
8s2s,317.0,317.0,1.0,1.0
8sAc,317.0,317.0,1.0,1.0
8sKc,317.0,317.0,1.0,1.0
8sQc,317.0,317.0,1.0,1.0
8sJc,317.0,317.0,1.0,1.0
8sTc,317.0,317.0,1.0,1.0
8s9c,317.0,317.0,1.0,1.0
8s8c,317.0,317.0,1.0,1.0
8s7c,317.0,317.0,1.0,1.0
8s6c,317.0,317.0,1.0,1.0
8s5c,317.0,317.0,1.0,1.0
8s4c,317.0,317.0,1.0,1.0
8s3c,1.0,317.0,0.0031545741324921135,1.0
8s2c,1.0,317.0,0.0031545741324921135,1.0
8sAd,317.0,317.0,1.0,1.0
8sKd,317.0,317.0,1.0,1.0
8sQd,317.0,317.0,1.0,1.0
8sJd,317.0,317.0,1.0,1.0
8sTd,317.0,317.0,1.0,1.0
8s9d,317.0,317.0,1.0,1.0
8s8d,317.0,317.0,1.0,1.0
8s7d,317.0,317.0,1.0,1.0
8s6d,317.0,317.0,1.0,1.0
8s5d,317.0,317.0,1.0,1.0
8s4d,317.0,317.0,1.0,1.0
8s3d,1.0,317.0,0.0031545741324921135,1.0
8s2d,1.0,317.0,0.0031545741324921135,1.0
8sAh,317.0,317.0,1.0,1.0
8sKh,317.0,317.0,1.0,1.0
8sQh,317.0,317.0,1.0,1.0
8sJh,317.0,317.0,1.0,1.0
8sTh,317.0,317.0,1.0,1.0
8s9h,317.0,317.0,1.0,1.0
8s8h,317.0,317.0,1.0,1.0
8s7h,317.0,317.0,1.0,1.0
8s6h,317.0,317.0,1.0,1.0
8s5h,317.0,317.0,1.0,1.0
8s4h,317.0,317.0,1.0,1.0
8s3h,1.0,317.0,0.0031545741324921135,1.0
8s2h,1.0,317.0,0.0031545741324921135,1.0
7s6s,317.0,317.0,1.0,1.0
7s5s,317.0,317.0,1.0,1.0
7s4s,317.0,317.0,1.0,1.0
7s3s,317.0,317.0,1.0,1.0
7s2s,317.0,317.0,1.0,1.0
7sAc,317.0,317.0,1.0,1.0
7sKc,317.0,317.0,1.0,1.0
7sQc,317.0,317.0,1.0,1.0
7sJc,317.0,317.0,1.0,1.0
7sTc,317.0,317.0,1.0,1.0
7s9c,317.0,317.0,1.0,1.0
7s8c,317.0,317.0,1.0,1.0
7s7c,317.0,317.0,1.0,1.0
7s6c,317.0,317.0,1.0,1.0
7s5c,317.0,317.0,1.0,1.0
7s4c,317.0,317.0,1.0,1.0
7s3c,1.0,317.0,0.0031545741324921135,1.0
7s2c,1.0,317.0,0.0031545741324921135,1.0
7sAd,317.0,317.0,1.0,1.0
7sKd,317.0,317.0,1.0,1.0
7sQd,317.0,317.0,1.0,1.0
7sJd,317.0,317.0,1.0,1.0
7sTd,317.0,317.0,1.0,1.0
7s9d,317.0,317.0,1.0,1.0
7s8d,317.0,317.0,1.0,1.0
7s7d,317.0,317.0,1.0,1.0
7s6d,317.0,317.0,1.0,1.0
7s5d,317.0,317.0,1.0,1.0
7s4d,317.0,317.0,1.0,1.0
7s3d,1.0,317.0,0.0031545741324921135,1.0
7s2d,1.0,317.0,0.0031545741324921135,1.0
7sAh,317.0,317.0,1.0,1.0
7sKh,317.0,317.0,1.0,1.0
7sQh,317.0,317.0,1.0,1.0
7sJh,317.0,317.0,1.0,1.0
7sTh,317.0,317.0,1.0,1.0
7s9h,317.0,317.0,1.0,1.0
7s8h,317.0,317.0,1.0,1.0
7s7h,317.0,317.0,1.0,1.0
7s6h,317.0,317.0,1.0,1.0
7s5h,317.0,317.0,1.0,1.0
7s4h,317.0,317.0,1.0,1.0
7s3h,1.0,317.0,0.0031545741324921135,1.0
7s2h,1.0,317.0,0.0031545741324921135,1.0
6s5s,317.0,317.0,1.0,1.0
6s4s,317.0,317.0,1.0,1.0
6s3s,317.0,317.0,1.0,1.0
6s2s,317.0,317.0,1.0,1.0
6sAc,317.0,317.0,1.0,1.0
6sKc,317.0,317.0,1.0,1.0
6sQc,317.0,317.0,1.0,1.0
6sJc,317.0,317.0,1.0,1.0
6sTc,317.0,317.0,1.0,1.0
6s9c,317.0,317.0,1.0,1.0
6s8c,317.0,317.0,1.0,1.0
6s7c,317.0,317.0,1.0,1.0
6s6c,317.0,317.0,1.0,1.0
6s5c,317.0,317.0,1.0,1.0
6s4c,317.0,317.0,1.0,1.0
6s3c,1.0,317.0,0.0031545741324921135,1.0
6s2c,1.0,317.0,0.0031545741324921135,1.0
6sAd,317.0,317.0,1.0,1.0
6sKd,317.0,317.0,1.0,1.0
6sQd,317.0,317.0,1.0,1.0
6sJd,317.0,317.0,1.0,1.0
6sTd,317.0,317.0,1.0,1.0
6s9d,317.0,317.0,1.0,1.0
6s8d,317.0,317.0,1.0,1.0
6s7d,317.0,317.0,1.0,1.0
6s6d,317.0,317.0,1.0,1.0
6s5d,317.0,317.0,1.0,1.0
6s4d,317.0,317.0,1.0,1.0
6s3d,1.0,317.0,0.0031545741324921135,1.0
6s2d,1.0,317.0,0.0031545741324921135,1.0
6sAh,317.0,317.0,1.0,1.0
6sKh,317.0,317.0,1.0,1.0
6sQh,317.0,317.0,1.0,1.0
6sJh,317.0,317.0,1.0,1.0
6sTh,317.0,317.0,1.0,1.0
6s9h,317.0,317.0,1.0,1.0
6s8h,317.0,317.0,1.0,1.0
6s7h,317.0,317.0,1.0,1.0
6s6h,317.0,317.0,1.0,1.0
6s5h,317.0,317.0,1.0,1.0
6s4h,317.0,317.0,1.0,1.0
6s3h,1.0,317.0,0.0031545741324921135,1.0
6s2h,1.0,317.0,0.0031545741324921135,1.0
5s4s,317.0,317.0,1.0,1.0
5s3s,317.0,317.0,1.0,1.0
5s2s,317.0,317.0,1.0,1.0
5sAc,317.0,317.0,1.0,1.0
5sKc,317.0,317.0,1.0,1.0
5sQc,317.0,317.0,1.0,1.0
5sJc,317.0,317.0,1.0,1.0
5sTc,317.0,317.0,1.0,1.0
5s9c,317.0,317.0,1.0,1.0
5s8c,317.0,317.0,1.0,1.0
5s7c,317.0,317.0,1.0,1.0
5s6c,317.0,317.0,1.0,1.0
5s5c,317.0,317.0,1.0,1.0
5s4c,317.0,317.0,1.0,1.0
5s3c,1.0,317.0,0.0031545741324921135,1.0
5s2c,1.0,317.0,0.0031545741324921135,1.0
5sAd,317.0,317.0,1.0,1.0
5sKd,317.0,317.0,1.0,1.0
5sQd,317.0,317.0,1.0,1.0
5sJd,317.0,317.0,1.0,1.0
5sTd,317.0,317.0,1.0,1.0
5s9d,317.0,317.0,1.0,1.0
5s8d,317.0,317.0,1.0,1.0
5s7d,317.0,317.0,1.0,1.0
5s6d,317.0,317.0,1.0,1.0
5s5d,317.0,317.0,1.0,1.0
5s4d,317.0,317.0,1.0,1.0
5s3d,1.0,317.0,0.0031545741324921135,1.0
5s2d,1.0,317.0,0.0031545741324921135,1.0
5sAh,317.0,317.0,1.0,1.0
5sKh,317.0,317.0,1.0,1.0
5sQh,317.0,317.0,1.0,1.0
5sJh,317.0,317.0,1.0,1.0
5sTh,317.0,317.0,1.0,1.0
5s9h,317.0,317.0,1.0,1.0
5s8h,317.0,317.0,1.0,1.0
5s7h,317.0,317.0,1.0,1.0
5s6h,317.0,317.0,1.0,1.0
5s5h,317.0,317.0,1.0,1.0
5s4h,317.0,317.0,1.0,1.0
5s3h,1.0,317.0,0.0031545741324921135,1.0
5s2h,1.0,317.0,0.0031545741324921135,1.0
4s3s,317.0,317.0,1.0,1.0
4s2s,1.0,317.0,0.0031545741324921135,1.0
4sAc,317.0,317.0,1.0,1.0
4sKc,317.0,317.0,1.0,1.0
4sQc,317.0,317.0,1.0,1.0
4sJc,317.0,317.0,1.0,1.0
4sTc,317.0,317.0,1.0,1.0
4s9c,317.0,317.0,1.0,1.0
4s8c,317.0,317.0,1.0,1.0
4s7c,317.0,317.0,1.0,1.0
4s6c,317.0,317.0,1.0,1.0
4s5c,317.0,317.0,1.0,1.0
4s4c,317.0,317.0,1.0,1.0
4s3c,1.0,317.0,0.0031545741324921135,1.0
4s2c,1.0,317.0,0.0031545741324921135,1.0
4sAd,317.0,317.0,1.0,1.0
4sKd,317.0,317.0,1.0,1.0
4sQd,317.0,317.0,1.0,1.0
4sJd,317.0,317.0,1.0,1.0
4sTd,317.0,317.0,1.0,1.0
4s9d,317.0,317.0,1.0,1.0
4s8d,317.0,317.0,1.0,1.0
4s7d,317.0,317.0,1.0,1.0
4s6d,317.0,317.0,1.0,1.0
4s5d,317.0,317.0,1.0,1.0
4s4d,317.0,317.0,1.0,1.0
4s3d,1.0,317.0,0.0031545741324921135,1.0
4s2d,1.0,317.0,0.0031545741324921135,1.0
4sAh,317.0,317.0,1.0,1.0
4sKh,317.0,317.0,1.0,1.0
4sQh,317.0,317.0,1.0,1.0
4sJh,317.0,317.0,1.0,1.0
4sTh,317.0,317.0,1.0,1.0
4s9h,317.0,317.0,1.0,1.0
4s8h,317.0,317.0,1.0,1.0
4s7h,317.0,317.0,1.0,1.0
4s6h,317.0,317.0,1.0,1.0
4s5h,317.0,317.0,1.0,1.0
4s4h,317.0,317.0,1.0,1.0
4s3h,1.0,317.0,0.0031545741324921135,1.0
4s2h,1.0,317.0,0.0031545741324921135,1.0
3s2s,1.0,317.0,0.0031545741324921135,1.0
3sAc,317.0,317.0,1.0,1.0
3sKc,317.0,317.0,1.0,1.0
3sQc,317.0,317.0,1.0,1.0
3sJc,317.0,317.0,1.0,1.0
3sTc,317.0,317.0,1.0,1.0
3s9c,317.0,317.0,1.0,1.0
3s8c,1.0,317.0,0.0031545741324921135,1.0
3s7c,1.0,317.0,0.0031545741324921135,1.0
3s6c,1.0,317.0,0.0031545741324921135,1.0
3s5c,1.0,317.0,0.0031545741324921135,1.0
3s4c,1.0,317.0,0.0031545741324921135,1.0
3s3c,317.0,317.0,1.0,1.0
3s2c,1.0,317.0,0.0031545741324921135,1.0
3sAd,317.0,317.0,1.0,1.0
3sKd,317.0,317.0,1.0,1.0
3sQd,317.0,317.0,1.0,1.0
3sJd,317.0,317.0,1.0,1.0
3sTd,317.0,317.0,1.0,1.0
3s9d,317.0,317.0,1.0,1.0
3s8d,1.0,317.0,0.0031545741324921135,1.0
3s7d,1.0,317.0,0.0031545741324921135,1.0
3s6d,1.0,317.0,0.0031545741324921135,1.0
3s5d,1.0,317.0,0.0031545741324921135,1.0
3s4d,1.0,317.0,0.0031545741324921135,1.0
3s3d,317.0,317.0,1.0,1.0
3s2d,1.0,317.0,0.0031545741324921135,1.0
3sAh,317.0,317.0,1.0,1.0
3sKh,317.0,317.0,1.0,1.0
3sQh,317.0,317.0,1.0,1.0
3sJh,317.0,317.0,1.0,1.0
3sTh,317.0,317.0,1.0,1.0
3s9h,317.0,317.0,1.0,1.0
3s8h,1.0,317.0,0.0031545741324921135,1.0
3s7h,1.0,317.0,0.0031545741324921135,1.0
3s6h,1.0,317.0,0.0031545741324921135,1.0
3s5h,1.0,317.0,0.0031545741324921135,1.0
3s4h,1.0,317.0,0.0031545741324921135,1.0
3s3h,317.0,317.0,1.0,1.0
3s2h,1.0,317.0,0.0031545741324921135,1.0
2sAc,317.0,317.0,1.0,1.0
2sKc,317.0,317.0,1.0,1.0
2sQc,317.0,317.0,1.0,1.0
2sJc,317.0,317.0,1.0,1.0
2sTc,317.0,317.0,1.0,1.0
2s9c,317.0,317.0,1.0,1.0
2s8c,1.0,317.0,0.0031545741324921135,1.0
2s7c,1.0,317.0,0.0031545741324921135,1.0
2s6c,1.0,317.0,0.0031545741324921135,1.0
2s5c,1.0,317.0,0.0031545741324921135,1.0
2s4c,1.0,317.0,0.0031545741324921135,1.0
2s3c,1.0,317.0,0.0031545741324921135,1.0
2s2c,317.0,317.0,1.0,1.0
2sAd,317.0,317.0,1.0,1.0
2sKd,317.0,317.0,1.0,1.0
2sQd,317.0,317.0,1.0,1.0
2sJd,317.0,317.0,1.0,1.0
2sTd,317.0,317.0,1.0,1.0
2s9d,317.0,317.0,1.0,1.0
2s8d,1.0,317.0,0.0031545741324921135,1.0
2s7d,1.0,317.0,0.0031545741324921135,1.0
2s6d,1.0,317.0,0.0031545741324921135,1.0
2s5d,1.0,317.0,0.0031545741324921135,1.0
2s4d,1.0,317.0,0.0031545741324921135,1.0
2s3d,1.0,317.0,0.0031545741324921135,1.0
2s2d,317.0,317.0,1.0,1.0
2sAh,317.0,317.0,1.0,1.0
2sKh,317.0,317.0,1.0,1.0
2sQh,317.0,317.0,1.0,1.0
2sJh,317.0,317.0,1.0,1.0
2sTh,317.0,317.0,1.0,1.0
2s9h,317.0,317.0,1.0,1.0
2s8h,1.0,317.0,0.0031545741324921135,1.0
2s7h,1.0,317.0,0.0031545741324921135,1.0
2s6h,1.0,317.0,0.0031545741324921135,1.0
2s5h,1.0,317.0,0.0031545741324921135,1.0
2s4h,1.0,317.0,0.0031545741324921135,1.0
2s3h,1.0,317.0,0.0031545741324921135,1.0
2s2h,317.0,317.0,1.0,1.0
AcKc,317.0,317.0,1.0,1.0
AcQc,317.0,317.0,1.0,1.0
AcJc,317.0,317.0,1.0,1.0
AcTc,317.0,317.0,1.0,1.0
Ac9c,317.0,317.0,1.0,1.0
Ac8c,317.0,317.0,1.0,1.0
Ac7c,317.0,317.0,1.0,1.0
Ac6c,317.0,317.0,1.0,1.0
Ac5c,317.0,317.0,1.0,1.0
Ac4c,317.0,317.0,1.0,1.0
Ac3c,317.0,317.0,1.0,1.0
Ac2c,317.0,317.0,1.0,1.0
AcAd,317.0,317.0,1.0,1.0
AcKd,317.0,317.0,1.0,1.0
AcQd,317.0,317.0,1.0,1.0
AcJd,317.0,317.0,1.0,1.0
AcTd,317.0,317.0,1.0,1.0
Ac9d,317.0,317.0,1.0,1.0
Ac8d,317.0,317.0,1.0,1.0
Ac7d,317.0,317.0,1.0,1.0
Ac6d,317.0,317.0,1.0,1.0
Ac5d,317.0,317.0,1.0,1.0
Ac4d,317.0,317.0,1.0,1.0
Ac3d,317.0,317.0,1.0,1.0
Ac2d,317.0,317.0,1.0,1.0
AcAh,317.0,317.0,1.0,1.0
AcKh,317.0,317.0,1.0,1.0
AcQh,317.0,317.0,1.0,1.0
AcJh,317.0,317.0,1.0,1.0
AcTh,317.0,317.0,1.0,1.0
Ac9h,317.0,317.0,1.0,1.0
Ac8h,317.0,317.0,1.0,1.0
Ac7h,317.0,317.0,1.0,1.0
Ac6h,317.0,317.0,1.0,1.0
Ac5h,317.0,317.0,1.0,1.0
Ac4h,317.0,317.0,1.0,1.0
Ac3h,317.0,317.0,1.0,1.0
Ac2h,317.0,317.0,1.0,1.0
KcQc,317.0,317.0,1.0,1.0
KcJc,317.0,317.0,1.0,1.0
KcTc,317.0,317.0,1.0,1.0
Kc9c,317.0,317.0,1.0,1.0
Kc8c,317.0,317.0,1.0,1.0
Kc7c,317.0,317.0,1.0,1.0
Kc6c,317.0,317.0,1.0,1.0
Kc5c,317.0,317.0,1.0,1.0
Kc4c,317.0,317.0,1.0,1.0
Kc3c,317.0,317.0,1.0,1.0
Kc2c,317.0,317.0,1.0,1.0
KcAd,317.0,317.0,1.0,1.0
KcKd,317.0,317.0,1.0,1.0
KcQd,317.0,317.0,1.0,1.0
KcJd,317.0,317.0,1.0,1.0
KcTd,317.0,317.0,1.0,1.0
Kc9d,317.0,317.0,1.0,1.0
Kc8d,317.0,317.0,1.0,1.0
Kc7d,317.0,317.0,1.0,1.0
Kc6d,317.0,317.0,1.0,1.0
Kc5d,317.0,317.0,1.0,1.0
Kc4d,317.0,317.0,1.0,1.0
Kc3d,317.0,317.0,1.0,1.0
Kc2d,317.0,317.0,1.0,1.0
KcAh,317.0,317.0,1.0,1.0
KcKh,317.0,317.0,1.0,1.0
KcQh,317.0,317.0,1.0,1.0
KcJh,317.0,317.0,1.0,1.0
KcTh,317.0,317.0,1.0,1.0
Kc9h,317.0,317.0,1.0,1.0
Kc8h,317.0,317.0,1.0,1.0
Kc7h,317.0,317.0,1.0,1.0
Kc6h,317.0,317.0,1.0,1.0
Kc5h,317.0,317.0,1.0,1.0
Kc4h,317.0,317.0,1.0,1.0
Kc3h,317.0,317.0,1.0,1.0
Kc2h,317.0,317.0,1.0,1.0
QcJc,317.0,317.0,1.0,1.0
QcTc,317.0,317.0,1.0,1.0
Qc9c,317.0,317.0,1.0,1.0
Qc8c,317.0,317.0,1.0,1.0
Qc7c,317.0,317.0,1.0,1.0
Qc6c,317.0,317.0,1.0,1.0
Qc5c,317.0,317.0,1.0,1.0
Qc4c,317.0,317.0,1.0,1.0
Qc3c,317.0,317.0,1.0,1.0
Qc2c,317.0,317.0,1.0,1.0
QcAd,317.0,317.0,1.0,1.0
QcKd,317.0,317.0,1.0,1.0
QcQd,317.0,317.0,1.0,1.0
QcJd,317.0,317.0,1.0,1.0
QcTd,317.0,317.0,1.0,1.0
Qc9d,317.0,317.0,1.0,1.0
Qc8d,317.0,317.0,1.0,1.0
Qc7d,317.0,317.0,1.0,1.0
Qc6d,317.0,317.0,1.0,1.0
Qc5d,317.0,317.0,1.0,1.0
Qc4d,317.0,317.0,1.0,1.0
Qc3d,317.0,317.0,1.0,1.0
Qc2d,317.0,317.0,1.0,1.0
QcAh,317.0,317.0,1.0,1.0
QcKh,317.0,317.0,1.0,1.0
QcQh,317.0,317.0,1.0,1.0
QcJh,317.0,317.0,1.0,1.0
QcTh,317.0,317.0,1.0,1.0
Qc9h,317.0,317.0,1.0,1.0
Qc8h,317.0,317.0,1.0,1.0
Qc7h,317.0,317.0,1.0,1.0
Qc6h,317.0,317.0,1.0,1.0
Qc5h,317.0,317.0,1.0,1.0
Qc4h,317.0,317.0,1.0,1.0
Qc3h,317.0,317.0,1.0,1.0
Qc2h,317.0,317.0,1.0,1.0
JcTc,317.0,317.0,1.0,1.0
Jc9c,317.0,317.0,1.0,1.0
Jc8c,317.0,317.0,1.0,1.0
Jc7c,317.0,317.0,1.0,1.0
Jc6c,317.0,317.0,1.0,1.0
Jc5c,317.0,317.0,1.0,1.0
Jc4c,317.0,317.0,1.0,1.0
Jc3c,317.0,317.0,1.0,1.0
Jc2c,317.0,317.0,1.0,1.0
JcAd,317.0,317.0,1.0,1.0
JcKd,317.0,317.0,1.0,1.0
JcQd,317.0,317.0,1.0,1.0
JcJd,317.0,317.0,1.0,1.0
JcTd,317.0,317.0,1.0,1.0
Jc9d,317.0,317.0,1.0,1.0
Jc8d,317.0,317.0,1.0,1.0
Jc7d,317.0,317.0,1.0,1.0
Jc6d,317.0,317.0,1.0,1.0
Jc5d,317.0,317.0,1.0,1.0
Jc4d,317.0,317.0,1.0,1.0
Jc3d,317.0,317.0,1.0,1.0
Jc2d,317.0,317.0,1.0,1.0
JcAh,317.0,317.0,1.0,1.0
JcKh,317.0,317.0,1.0,1.0
JcQh,317.0,317.0,1.0,1.0
JcJh,317.0,317.0,1.0,1.0
JcTh,317.0,317.0,1.0,1.0
Jc9h,317.0,317.0,1.0,1.0
Jc8h,317.0,317.0,1.0,1.0
Jc7h,317.0,317.0,1.0,1.0
Jc6h,317.0,317.0,1.0,1.0
Jc5h,317.0,317.0,1.0,1.0
Jc4h,317.0,317.0,1.0,1.0
Jc3h,317.0,317.0,1.0,1.0
Jc2h,317.0,317.0,1.0,1.0
Tc9c,317.0,317.0,1.0,1.0
Tc8c,317.0,317.0,1.0,1.0
Tc7c,317.0,317.0,1.0,1.0
Tc6c,317.0,317.0,1.0,1.0
Tc5c,317.0,317.0,1.0,1.0
Tc4c,317.0,317.0,1.0,1.0
Tc3c,317.0,317.0,1.0,1.0
Tc2c,317.0,317.0,1.0,1.0
TcAd,317.0,317.0,1.0,1.0
TcKd,317.0,317.0,1.0,1.0
TcQd,317.0,317.0,1.0,1.0
TcJd,317.0,317.0,1.0,1.0
TcTd,317.0,317.0,1.0,1.0
Tc9d,317.0,317.0,1.0,1.0
Tc8d,317.0,317.0,1.0,1.0
Tc7d,317.0,317.0,1.0,1.0
Tc6d,317.0,317.0,1.0,1.0
Tc5d,317.0,317.0,1.0,1.0
Tc4d,317.0,317.0,1.0,1.0
Tc3d,317.0,317.0,1.0,1.0
Tc2d,317.0,317.0,1.0,1.0
TcAh,317.0,317.0,1.0,1.0
TcKh,317.0,317.0,1.0,1.0
TcQh,317.0,317.0,1.0,1.0
TcJh,317.0,317.0,1.0,1.0
TcTh,317.0,317.0,1.0,1.0
Tc9h,317.0,317.0,1.0,1.0
Tc8h,317.0,317.0,1.0,1.0
Tc7h,317.0,317.0,1.0,1.0
Tc6h,317.0,317.0,1.0,1.0
Tc5h,317.0,317.0,1.0,1.0
Tc4h,317.0,317.0,1.0,1.0
Tc3h,317.0,317.0,1.0,1.0
Tc2h,317.0,317.0,1.0,1.0
9c8c,317.0,317.0,1.0,1.0
9c7c,317.0,317.0,1.0,1.0
9c6c,317.0,317.0,1.0,1.0
9c5c,317.0,317.0,1.0,1.0
9c4c,317.0,317.0,1.0,1.0
9c3c,317.0,317.0,1.0,1.0
9c2c,317.0,317.0,1.0,1.0
9cAd,317.0,317.0,1.0,1.0
9cKd,317.0,317.0,1.0,1.0
9cQd,317.0,317.0,1.0,1.0
9cJd,317.0,317.0,1.0,1.0
9cTd,317.0,317.0,1.0,1.0
9c9d,317.0,317.0,1.0,1.0
9c8d,317.0,317.0,1.0,1.0
9c7d,317.0,317.0,1.0,1.0
9c6d,317.0,317.0,1.0,1.0
9c5d,317.0,317.0,1.0,1.0
9c4d,317.0,317.0,1.0,1.0
9c3d,317.0,317.0,1.0,1.0
9c2d,317.0,317.0,1.0,1.0
9cAh,317.0,317.0,1.0,1.0
9cKh,317.0,317.0,1.0,1.0
9cQh,317.0,317.0,1.0,1.0
9cJh,317.0,317.0,1.0,1.0
9cTh,317.0,317.0,1.0,1.0
9c9h,317.0,317.0,1.0,1.0
9c8h,317.0,317.0,1.0,1.0
9c7h,317.0,317.0,1.0,1.0
9c6h,317.0,317.0,1.0,1.0
9c5h,317.0,317.0,1.0,1.0
9c4h,317.0,317.0,1.0,1.0
9c3h,317.0,317.0,1.0,1.0
9c2h,317.0,317.0,1.0,1.0
8c7c,317.0,317.0,1.0,1.0
8c6c,317.0,317.0,1.0,1.0
8c5c,317.0,317.0,1.0,1.0
8c4c,317.0,317.0,1.0,1.0
8c3c,317.0,317.0,1.0,1.0
8c2c,317.0,317.0,1.0,1.0
8cAd,317.0,317.0,1.0,1.0
8cKd,317.0,317.0,1.0,1.0
8cQd,317.0,317.0,1.0,1.0
8cJd,317.0,317.0,1.0,1.0
8cTd,317.0,317.0,1.0,1.0
8c9d,317.0,317.0,1.0,1.0
8c8d,317.0,317.0,1.0,1.0
8c7d,317.0,317.0,1.0,1.0
8c6d,317.0,317.0,1.0,1.0
8c5d,317.0,317.0,1.0,1.0
8c4d,317.0,317.0,1.0,1.0
8c3d,1.0,317.0,0.0031545741324921135,1.0
8c2d,1.0,317.0,0.0031545741324921135,1.0
8cAh,317.0,317.0,1.0,1.0
8cKh,317.0,317.0,1.0,1.0
8cQh,317.0,317.0,1.0,1.0
8cJh,317.0,317.0,1.0,1.0
8cTh,317.0,317.0,1.0,1.0
8c9h,317.0,317.0,1.0,1.0
8c8h,317.0,317.0,1.0,1.0
8c7h,317.0,317.0,1.0,1.0
8c6h,317.0,317.0,1.0,1.0
8c5h,317.0,317.0,1.0,1.0
8c4h,317.0,317.0,1.0,1.0
8c3h,1.0,317.0,0.0031545741324921135,1.0
8c2h,1.0,317.0,0.0031545741324921135,1.0
7c6c,317.0,317.0,1.0,1.0
7c5c,317.0,317.0,1.0,1.0
7c4c,317.0,317.0,1.0,1.0
7c3c,317.0,317.0,1.0,1.0
7c2c,317.0,317.0,1.0,1.0
7cAd,317.0,317.0,1.0,1.0
7cKd,317.0,317.0,1.0,1.0
7cQd,317.0,317.0,1.0,1.0
7cJd,317.0,317.0,1.0,1.0
7cTd,317.0,317.0,1.0,1.0
7c9d,317.0,317.0,1.0,1.0
7c8d,317.0,317.0,1.0,1.0
7c7d,317.0,317.0,1.0,1.0
7c6d,317.0,317.0,1.0,1.0
7c5d,317.0,317.0,1.0,1.0
7c4d,317.0,317.0,1.0,1.0
7c3d,1.0,317.0,0.0031545741324921135,1.0
7c2d,1.0,317.0,0.0031545741324921135,1.0
7cAh,317.0,317.0,1.0,1.0
7cKh,317.0,317.0,1.0,1.0
7cQh,317.0,317.0,1.0,1.0
7cJh,317.0,317.0,1.0,1.0
7cTh,317.0,317.0,1.0,1.0
7c9h,317.0,317.0,1.0,1.0
7c8h,317.0,317.0,1.0,1.0
7c7h,317.0,317.0,1.0,1.0
7c6h,317.0,317.0,1.0,1.0
7c5h,317.0,317.0,1.0,1.0
7c4h,317.0,317.0,1.0,1.0
7c3h,1.0,317.0,0.0031545741324921135,1.0
7c2h,1.0,317.0,0.0031545741324921135,1.0
6c5c,317.0,317.0,1.0,1.0
6c4c,317.0,317.0,1.0,1.0
6c3c,317.0,317.0,1.0,1.0
6c2c,317.0,317.0,1.0,1.0
6cAd,317.0,317.0,1.0,1.0
6cKd,317.0,317.0,1.0,1.0
6cQd,317.0,317.0,1.0,1.0
6cJd,317.0,317.0,1.0,1.0
6cTd,317.0,317.0,1.0,1.0
6c9d,317.0,317.0,1.0,1.0
6c8d,317.0,317.0,1.0,1.0
6c7d,317.0,317.0,1.0,1.0
6c6d,317.0,317.0,1.0,1.0
6c5d,317.0,317.0,1.0,1.0
6c4d,317.0,317.0,1.0,1.0
6c3d,1.0,317.0,0.0031545741324921135,1.0
6c2d,1.0,317.0,0.0031545741324921135,1.0
6cAh,317.0,317.0,1.0,1.0
6cKh,317.0,317.0,1.0,1.0
6cQh,317.0,317.0,1.0,1.0
6cJh,317.0,317.0,1.0,1.0
6cTh,317.0,317.0,1.0,1.0
6c9h,317.0,317.0,1.0,1.0
6c8h,317.0,317.0,1.0,1.0
6c7h,317.0,317.0,1.0,1.0
6c6h,317.0,317.0,1.0,1.0
6c5h,317.0,317.0,1.0,1.0
6c4h,317.0,317.0,1.0,1.0
6c3h,1.0,317.0,0.0031545741324921135,1.0
6c2h,1.0,317.0,0.0031545741324921135,1.0
5c4c,317.0,317.0,1.0,1.0
5c3c,317.0,317.0,1.0,1.0
5c2c,317.0,317.0,1.0,1.0
5cAd,317.0,317.0,1.0,1.0
5cKd,317.0,317.0,1.0,1.0
5cQd,317.0,317.0,1.0,1.0
5cJd,317.0,317.0,1.0,1.0
5cTd,317.0,317.0,1.0,1.0
5c9d,317.0,317.0,1.0,1.0
5c8d,317.0,317.0,1.0,1.0
5c7d,317.0,317.0,1.0,1.0
5c6d,317.0,317.0,1.0,1.0
5c5d,317.0,317.0,1.0,1.0
5c4d,317.0,317.0,1.0,1.0
5c3d,1.0,317.0,0.0031545741324921135,1.0
5c2d,1.0,317.0,0.0031545741324921135,1.0
5cAh,317.0,317.0,1.0,1.0
5cKh,317.0,317.0,1.0,1.0
5cQh,317.0,317.0,1.0,1.0
5cJh,317.0,317.0,1.0,1.0
5cTh,317.0,317.0,1.0,1.0
5c9h,317.0,317.0,1.0,1.0
5c8h,317.0,317.0,1.0,1.0
5c7h,317.0,317.0,1.0,1.0
5c6h,317.0,317.0,1.0,1.0
5c5h,317.0,317.0,1.0,1.0
5c4h,317.0,317.0,1.0,1.0
5c3h,1.0,317.0,0.0031545741324921135,1.0
5c2h,1.0,317.0,0.0031545741324921135,1.0
4c3c,317.0,317.0,1.0,1.0
4c2c,1.0,317.0,0.0031545741324921135,1.0
4cAd,317.0,317.0,1.0,1.0
4cKd,317.0,317.0,1.0,1.0
4cQd,317.0,317.0,1.0,1.0
4cJd,317.0,317.0,1.0,1.0
4cTd,317.0,317.0,1.0,1.0
4c9d,317.0,317.0,1.0,1.0
4c8d,317.0,317.0,1.0,1.0
4c7d,317.0,317.0,1.0,1.0
4c6d,317.0,317.0,1.0,1.0
4c5d,317.0,317.0,1.0,1.0
4c4d,317.0,317.0,1.0,1.0
4c3d,1.0,317.0,0.0031545741324921135,1.0
4c2d,1.0,317.0,0.0031545741324921135,1.0
4cAh,317.0,317.0,1.0,1.0
4cKh,317.0,317.0,1.0,1.0
4cQh,317.0,317.0,1.0,1.0
4cJh,317.0,317.0,1.0,1.0
4cTh,317.0,317.0,1.0,1.0
4c9h,317.0,317.0,1.0,1.0
4c8h,317.0,317.0,1.0,1.0
4c7h,317.0,317.0,1.0,1.0
4c6h,317.0,317.0,1.0,1.0
4c5h,317.0,317.0,1.0,1.0
4c4h,317.0,317.0,1.0,1.0
4c3h,1.0,317.0,0.0031545741324921135,1.0
4c2h,1.0,317.0,0.0031545741324921135,1.0
3c2c,1.0,317.0,0.0031545741324921135,1.0
3cAd,317.0,317.0,1.0,1.0
3cKd,317.0,317.0,1.0,1.0
3cQd,317.0,317.0,1.0,1.0
3cJd,317.0,317.0,1.0,1.0
3cTd,317.0,317.0,1.0,1.0
3c9d,317.0,317.0,1.0,1.0
3c8d,1.0,317.0,0.0031545741324921135,1.0
3c7d,1.0,317.0,0.0031545741324921135,1.0
3c6d,1.0,317.0,0.0031545741324921135,1.0
3c5d,1.0,317.0,0.0031545741324921135,1.0
3c4d,1.0,317.0,0.0031545741324921135,1.0
3c3d,317.0,317.0,1.0,1.0
3c2d,1.0,317.0,0.0031545741324921135,1.0
3cAh,317.0,317.0,1.0,1.0
3cKh,317.0,317.0,1.0,1.0
3cQh,317.0,317.0,1.0,1.0
3cJh,317.0,317.0,1.0,1.0
3cTh,317.0,317.0,1.0,1.0
3c9h,317.0,317.0,1.0,1.0
3c8h,1.0,317.0,0.0031545741324921135,1.0
3c7h,1.0,317.0,0.0031545741324921135,1.0
3c6h,1.0,317.0,0.0031545741324921135,1.0
3c5h,1.0,317.0,0.0031545741324921135,1.0
3c4h,1.0,317.0,0.0031545741324921135,1.0
3c3h,317.0,317.0,1.0,1.0
3c2h,1.0,317.0,0.0031545741324921135,1.0
2cAd,317.0,317.0,1.0,1.0
2cKd,317.0,317.0,1.0,1.0
2cQd,317.0,317.0,1.0,1.0
2cJd,317.0,317.0,1.0,1.0
2cTd,317.0,317.0,1.0,1.0
2c9d,317.0,317.0,1.0,1.0
2c8d,1.0,317.0,0.0031545741324921135,1.0
2c7d,1.0,317.0,0.0031545741324921135,1.0
2c6d,1.0,317.0,0.0031545741324921135,1.0
2c5d,1.0,317.0,0.0031545741324921135,1.0
2c4d,1.0,317.0,0.0031545741324921135,1.0
2c3d,1.0,317.0,0.0031545741324921135,1.0
2c2d,317.0,317.0,1.0,1.0
2cAh,317.0,317.0,1.0,1.0
2cKh,317.0,317.0,1.0,1.0
2cQh,317.0,317.0,1.0,1.0
2cJh,317.0,317.0,1.0,1.0
2cTh,317.0,317.0,1.0,1.0
2c9h,317.0,317.0,1.0,1.0
2c8h,1.0,317.0,0.0031545741324921135,1.0
2c7h,1.0,317.0,0.0031545741324921135,1.0
2c6h,1.0,317.0,0.0031545741324921135,1.0
2c5h,1.0,317.0,0.0031545741324921135,1.0
2c4h,1.0,317.0,0.0031545741324921135,1.0
2c3h,1.0,317.0,0.0031545741324921135,1.0
2c2h,317.0,317.0,1.0,1.0
AdKd,317.0,317.0,1.0,1.0
AdQd,317.0,317.0,1.0,1.0
AdJd,317.0,317.0,1.0,1.0
AdTd,317.0,317.0,1.0,1.0
Ad9d,317.0,317.0,1.0,1.0
Ad8d,317.0,317.0,1.0,1.0
Ad7d,317.0,317.0,1.0,1.0
Ad6d,317.0,317.0,1.0,1.0
Ad5d,317.0,317.0,1.0,1.0
Ad4d,317.0,317.0,1.0,1.0
Ad3d,317.0,317.0,1.0,1.0
Ad2d,317.0,317.0,1.0,1.0
AdAh,317.0,317.0,1.0,1.0
AdKh,317.0,317.0,1.0,1.0
AdQh,317.0,317.0,1.0,1.0
AdJh,317.0,317.0,1.0,1.0
AdTh,317.0,317.0,1.0,1.0
Ad9h,317.0,317.0,1.0,1.0
Ad8h,317.0,317.0,1.0,1.0
Ad7h,317.0,317.0,1.0,1.0
Ad6h,317.0,317.0,1.0,1.0
Ad5h,317.0,317.0,1.0,1.0
Ad4h,317.0,317.0,1.0,1.0
Ad3h,317.0,317.0,1.0,1.0
Ad2h,317.0,317.0,1.0,1.0
KdQd,317.0,317.0,1.0,1.0
KdJd,317.0,317.0,1.0,1.0
KdTd,317.0,317.0,1.0,1.0
Kd9d,317.0,317.0,1.0,1.0
Kd8d,317.0,317.0,1.0,1.0
Kd7d,317.0,317.0,1.0,1.0
Kd6d,317.0,317.0,1.0,1.0
Kd5d,317.0,317.0,1.0,1.0
Kd4d,317.0,317.0,1.0,1.0
Kd3d,317.0,317.0,1.0,1.0
Kd2d,317.0,317.0,1.0,1.0
KdAh,317.0,317.0,1.0,1.0
KdKh,317.0,317.0,1.0,1.0
KdQh,317.0,317.0,1.0,1.0
KdJh,317.0,317.0,1.0,1.0
KdTh,317.0,317.0,1.0,1.0
Kd9h,317.0,317.0,1.0,1.0
Kd8h,317.0,317.0,1.0,1.0
Kd7h,317.0,317.0,1.0,1.0
Kd6h,317.0,317.0,1.0,1.0
Kd5h,317.0,317.0,1.0,1.0
Kd4h,317.0,317.0,1.0,1.0
Kd3h,317.0,317.0,1.0,1.0
Kd2h,317.0,317.0,1.0,1.0
QdJd,317.0,317.0,1.0,1.0
QdTd,317.0,317.0,1.0,1.0
Qd9d,317.0,317.0,1.0,1.0
Qd8d,317.0,317.0,1.0,1.0
Qd7d,317.0,317.0,1.0,1.0
Qd6d,317.0,317.0,1.0,1.0
Qd5d,317.0,317.0,1.0,1.0
Qd4d,317.0,317.0,1.0,1.0
Qd3d,317.0,317.0,1.0,1.0
Qd2d,317.0,317.0,1.0,1.0
QdAh,317.0,317.0,1.0,1.0
QdKh,317.0,317.0,1.0,1.0
QdQh,317.0,317.0,1.0,1.0
QdJh,317.0,317.0,1.0,1.0
QdTh,317.0,317.0,1.0,1.0
Qd9h,317.0,317.0,1.0,1.0
Qd8h,317.0,317.0,1.0,1.0
Qd7h,317.0,317.0,1.0,1.0
Qd6h,317.0,317.0,1.0,1.0
Qd5h,317.0,317.0,1.0,1.0
Qd4h,317.0,317.0,1.0,1.0
Qd3h,317.0,317.0,1.0,1.0
Qd2h,317.0,317.0,1.0,1.0
JdTd,317.0,317.0,1.0,1.0
Jd9d,317.0,317.0,1.0,1.0
Jd8d,317.0,317.0,1.0,1.0
Jd7d,317.0,317.0,1.0,1.0
Jd6d,317.0,317.0,1.0,1.0
Jd5d,317.0,317.0,1.0,1.0
Jd4d,317.0,317.0,1.0,1.0
Jd3d,317.0,317.0,1.0,1.0
Jd2d,317.0,317.0,1.0,1.0
JdAh,317.0,317.0,1.0,1.0
JdKh,317.0,317.0,1.0,1.0
JdQh,317.0,317.0,1.0,1.0
JdJh,317.0,317.0,1.0,1.0
JdTh,317.0,317.0,1.0,1.0
Jd9h,317.0,317.0,1.0,1.0
Jd8h,317.0,317.0,1.0,1.0
Jd7h,317.0,317.0,1.0,1.0
Jd6h,317.0,317.0,1.0,1.0
Jd5h,317.0,317.0,1.0,1.0
Jd4h,317.0,317.0,1.0,1.0
Jd3h,317.0,317.0,1.0,1.0
Jd2h,317.0,317.0,1.0,1.0
Td9d,317.0,317.0,1.0,1.0
Td8d,317.0,317.0,1.0,1.0
Td7d,317.0,317.0,1.0,1.0
Td6d,317.0,317.0,1.0,1.0
Td5d,317.0,317.0,1.0,1.0
Td4d,317.0,317.0,1.0,1.0
Td3d,317.0,317.0,1.0,1.0
Td2d,317.0,317.0,1.0,1.0
TdAh,317.0,317.0,1.0,1.0
TdKh,317.0,317.0,1.0,1.0
TdQh,317.0,317.0,1.0,1.0
TdJh,317.0,317.0,1.0,1.0
TdTh,317.0,317.0,1.0,1.0
Td9h,317.0,317.0,1.0,1.0
Td8h,317.0,317.0,1.0,1.0
Td7h,317.0,317.0,1.0,1.0
Td6h,317.0,317.0,1.0,1.0
Td5h,317.0,317.0,1.0,1.0
Td4h,317.0,317.0,1.0,1.0
Td3h,317.0,317.0,1.0,1.0
Td2h,317.0,317.0,1.0,1.0
9d8d,317.0,317.0,1.0,1.0
9d7d,317.0,317.0,1.0,1.0
9d6d,317.0,317.0,1.0,1.0
9d5d,317.0,317.0,1.0,1.0
9d4d,317.0,317.0,1.0,1.0
9d3d,317.0,317.0,1.0,1.0
9d2d,317.0,317.0,1.0,1.0
9dAh,317.0,317.0,1.0,1.0
9dKh,317.0,317.0,1.0,1.0
9dQh,317.0,317.0,1.0,1.0
9dJh,317.0,317.0,1.0,1.0
9dTh,317.0,317.0,1.0,1.0
9d9h,317.0,317.0,1.0,1.0
9d8h,317.0,317.0,1.0,1.0
9d7h,317.0,317.0,1.0,1.0
9d6h,317.0,317.0,1.0,1.0
9d5h,317.0,317.0,1.0,1.0
9d4h,317.0,317.0,1.0,1.0
9d3h,317.0,317.0,1.0,1.0
9d2h,317.0,317.0,1.0,1.0
8d7d,317.0,317.0,1.0,1.0
8d6d,317.0,317.0,1.0,1.0
8d5d,317.0,317.0,1.0,1.0
8d4d,317.0,317.0,1.0,1.0
8d3d,317.0,317.0,1.0,1.0
8d2d,317.0,317.0,1.0,1.0
8dAh,317.0,317.0,1.0,1.0
8dKh,317.0,317.0,1.0,1.0
8dQh,317.0,317.0,1.0,1.0
8dJh,317.0,317.0,1.0,1.0
8dTh,317.0,317.0,1.0,1.0
8d9h,317.0,317.0,1.0,1.0
8d8h,317.0,317.0,1.0,1.0
8d7h,317.0,317.0,1.0,1.0
8d6h,317.0,317.0,1.0,1.0
8d5h,317.0,317.0,1.0,1.0
8d4h,317.0,317.0,1.0,1.0
8d3h,1.0,317.0,0.0031545741324921135,1.0
8d2h,1.0,317.0,0.0031545741324921135,1.0
7d6d,317.0,317.0,1.0,1.0
7d5d,317.0,317.0,1.0,1.0
7d4d,317.0,317.0,1.0,1.0
7d3d,317.0,317.0,1.0,1.0
7d2d,317.0,317.0,1.0,1.0
7dAh,317.0,317.0,1.0,1.0
7dKh,317.0,317.0,1.0,1.0
7dQh,317.0,317.0,1.0,1.0
7dJh,317.0,317.0,1.0,1.0
7dTh,317.0,317.0,1.0,1.0
7d9h,317.0,317.0,1.0,1.0
7d8h,317.0,317.0,1.0,1.0
7d7h,317.0,317.0,1.0,1.0
7d6h,317.0,317.0,1.0,1.0
7d5h,317.0,317.0,1.0,1.0
7d4h,317.0,317.0,1.0,1.0
7d3h,1.0,317.0,0.0031545741324921135,1.0
7d2h,1.0,317.0,0.0031545741324921135,1.0
6d5d,317.0,317.0,1.0,1.0
6d4d,317.0,317.0,1.0,1.0
6d3d,317.0,317.0,1.0,1.0
6d2d,317.0,317.0,1.0,1.0
6dAh,317.0,317.0,1.0,1.0
6dKh,317.0,317.0,1.0,1.0
6dQh,317.0,317.0,1.0,1.0
6dJh,317.0,317.0,1.0,1.0
6dTh,317.0,317.0,1.0,1.0
6d9h,317.0,317.0,1.0,1.0
6d8h,317.0,317.0,1.0,1.0
6d7h,317.0,317.0,1.0,1.0
6d6h,317.0,317.0,1.0,1.0
6d5h,317.0,317.0,1.0,1.0
6d4h,317.0,317.0,1.0,1.0
6d3h,1.0,317.0,0.0031545741324921135,1.0
6d2h,1.0,317.0,0.0031545741324921135,1.0
5d4d,317.0,317.0,1.0,1.0
5d3d,317.0,317.0,1.0,1.0
5d2d,317.0,317.0,1.0,1.0
5dAh,317.0,317.0,1.0,1.0
5dKh,317.0,317.0,1.0,1.0
5dQh,317.0,317.0,1.0,1.0
5dJh,317.0,317.0,1.0,1.0
5dTh,317.0,317.0,1.0,1.0
5d9h,317.0,317.0,1.0,1.0
5d8h,317.0,317.0,1.0,1.0
5d7h,317.0,317.0,1.0,1.0
5d6h,317.0,317.0,1.0,1.0
5d5h,317.0,317.0,1.0,1.0
5d4h,317.0,317.0,1.0,1.0
5d3h,1.0,317.0,0.0031545741324921135,1.0
5d2h,1.0,317.0,0.0031545741324921135,1.0
4d3d,317.0,317.0,1.0,1.0
4d2d,1.0,317.0,0.0031545741324921135,1.0
4dAh,317.0,317.0,1.0,1.0
4dKh,317.0,317.0,1.0,1.0
4dQh,317.0,317.0,1.0,1.0
4dJh,317.0,317.0,1.0,1.0
4dTh,317.0,317.0,1.0,1.0
4d9h,317.0,317.0,1.0,1.0
4d8h,317.0,317.0,1.0,1.0
4d7h,317.0,317.0,1.0,1.0
4d6h,317.0,317.0,1.0,1.0
4d5h,317.0,317.0,1.0,1.0
4d4h,317.0,317.0,1.0,1.0
4d3h,1.0,317.0,0.0031545741324921135,1.0
4d2h,1.0,317.0,0.0031545741324921135,1.0
3d2d,1.0,317.0,0.0031545741324921135,1.0
3dAh,317.0,317.0,1.0,1.0
3dKh,317.0,317.0,1.0,1.0
3dQh,317.0,317.0,1.0,1.0
3dJh,317.0,317.0,1.0,1.0
3dTh,317.0,317.0,1.0,1.0
3d9h,317.0,317.0,1.0,1.0
3d8h,1.0,317.0,0.0031545741324921135,1.0
3d7h,1.0,317.0,0.0031545741324921135,1.0
3d6h,1.0,317.0,0.0031545741324921135,1.0
3d5h,1.0,317.0,0.0031545741324921135,1.0
3d4h,1.0,317.0,0.0031545741324921135,1.0
3d3h,317.0,317.0,1.0,1.0
3d2h,1.0,317.0,0.0031545741324921135,1.0
2dAh,317.0,317.0,1.0,1.0
2dKh,317.0,317.0,1.0,1.0
2dQh,317.0,317.0,1.0,1.0
2dJh,317.0,317.0,1.0,1.0
2dTh,317.0,317.0,1.0,1.0
2d9h,317.0,317.0,1.0,1.0
2d8h,1.0,317.0,0.0031545741324921135,1.0
2d7h,1.0,317.0,0.0031545741324921135,1.0
2d6h,1.0,317.0,0.0031545741324921135,1.0
2d5h,1.0,317.0,0.0031545741324921135,1.0
2d4h,1.0,317.0,0.0031545741324921135,1.0
2d3h,1.0,317.0,0.0031545741324921135,1.0
2d2h,317.0,317.0,1.0,1.0
AhKh,317.0,317.0,1.0,1.0
AhQh,317.0,317.0,1.0,1.0
AhJh,317.0,317.0,1.0,1.0
AhTh,317.0,317.0,1.0,1.0
Ah9h,317.0,317.0,1.0,1.0
Ah8h,317.0,317.0,1.0,1.0
Ah7h,317.0,317.0,1.0,1.0
Ah6h,317.0,317.0,1.0,1.0
Ah5h,317.0,317.0,1.0,1.0
Ah4h,317.0,317.0,1.0,1.0
Ah3h,317.0,317.0,1.0,1.0
Ah2h,317.0,317.0,1.0,1.0
KhQh,317.0,317.0,1.0,1.0
KhJh,317.0,317.0,1.0,1.0
KhTh,317.0,317.0,1.0,1.0
Kh9h,317.0,317.0,1.0,1.0
Kh8h,317.0,317.0,1.0,1.0
Kh7h,317.0,317.0,1.0,1.0
Kh6h,317.0,317.0,1.0,1.0
Kh5h,317.0,317.0,1.0,1.0
Kh4h,317.0,317.0,1.0,1.0
Kh3h,317.0,317.0,1.0,1.0
Kh2h,317.0,317.0,1.0,1.0
QhJh,317.0,317.0,1.0,1.0
QhTh,317.0,317.0,1.0,1.0
Qh9h,317.0,317.0,1.0,1.0
Qh8h,317.0,317.0,1.0,1.0
Qh7h,317.0,317.0,1.0,1.0
Qh6h,317.0,317.0,1.0,1.0
Qh5h,317.0,317.0,1.0,1.0
Qh4h,317.0,317.0,1.0,1.0
Qh3h,317.0,317.0,1.0,1.0
Qh2h,317.0,317.0,1.0,1.0
JhTh,317.0,317.0,1.0,1.0
Jh9h,317.0,317.0,1.0,1.0
Jh8h,317.0,317.0,1.0,1.0
Jh7h,317.0,317.0,1.0,1.0
Jh6h,317.0,317.0,1.0,1.0
Jh5h,317.0,317.0,1.0,1.0
Jh4h,317.0,317.0,1.0,1.0
Jh3h,317.0,317.0,1.0,1.0
Jh2h,317.0,317.0,1.0,1.0
Th9h,317.0,317.0,1.0,1.0
Th8h,317.0,317.0,1.0,1.0
Th7h,317.0,317.0,1.0,1.0
Th6h,317.0,317.0,1.0,1.0
Th5h,317.0,317.0,1.0,1.0
Th4h,317.0,317.0,1.0,1.0
Th3h,317.0,317.0,1.0,1.0
Th2h,317.0,317.0,1.0,1.0
9h8h,317.0,317.0,1.0,1.0
9h7h,317.0,317.0,1.0,1.0
9h6h,317.0,317.0,1.0,1.0
9h5h,317.0,317.0,1.0,1.0
9h4h,317.0,317.0,1.0,1.0
9h3h,317.0,317.0,1.0,1.0
9h2h,317.0,317.0,1.0,1.0
8h7h,317.0,317.0,1.0,1.0
8h6h,317.0,317.0,1.0,1.0
8h5h,317.0,317.0,1.0,1.0
8h4h,317.0,317.0,1.0,1.0
8h3h,317.0,317.0,1.0,1.0
8h2h,317.0,317.0,1.0,1.0
7h6h,317.0,317.0,1.0,1.0
7h5h,317.0,317.0,1.0,1.0
7h4h,317.0,317.0,1.0,1.0
7h3h,317.0,317.0,1.0,1.0
7h2h,317.0,317.0,1.0,1.0
6h5h,317.0,317.0,1.0,1.0
6h4h,317.0,317.0,1.0,1.0
6h3h,317.0,317.0,1.0,1.0
6h2h,317.0,317.0,1.0,1.0
5h4h,317.0,317.0,1.0,1.0
5h3h,317.0,317.0,1.0,1.0
5h2h,317.0,317.0,1.0,1.0
4h3h,317.0,317.0,1.0,1.0
4h2h,1.0,317.0,0.0031545741324921135,1.0
3h2h,1.0,317.0,0.0031545741324921135,1.0
