Program Duration,96.09553130666667,mins

Hand,P1 - F,P2 - F,P1 - S,P2 - S
AsKs,2.0,2.0,1.0,1.0
AsQs,2.0,2.0,1.0,1.0
AsJs,2.0,2.0,1.0,1.0
AsTs,2.0,2.0,1.0,1.0
As9s,2.0,2.0,1.0,1.0
As8s,2.0,2.0,1.0,1.0
As7s,2.0,2.0,1.0,1.0
As6s,2.0,2.0,1.0,1.0
As5s,2.0,2.0,1.0,1.0
As4s,2.0,2.0,1.0,1.0
As3s,2.0,2.0,1.0,1.0
As2s,2.0,2.0,1.0,1.0
AsAc,2.0,2.0,1.0,1.0
AsKc,2.0,2.0,1.0,1.0
AsQc,2.0,2.0,1.0,1.0
AsJc,2.0,2.0,1.0,1.0
AsTc,2.0,2.0,1.0,1.0
As9c,2.0,2.0,1.0,1.0
As8c,2.0,2.0,1.0,1.0
As7c,2.0,2.0,1.0,1.0
As6c,2.0,2.0,1.0,1.0
As5c,2.0,2.0,1.0,1.0
As4c,2.0,2.0,1.0,1.0
As3c,2.0,2.0,1.0,1.0
As2c,2.0,2.0,1.0,1.0
AsAd,2.0,2.0,1.0,1.0
AsKd,2.0,2.0,1.0,1.0
AsQd,2.0,2.0,1.0,1.0
AsJd,2.0,2.0,1.0,1.0
AsTd,2.0,2.0,1.0,1.0
As9d,2.0,2.0,1.0,1.0
As8d,2.0,2.0,1.0,1.0
As7d,2.0,2.0,1.0,1.0
As6d,2.0,2.0,1.0,1.0
As5d,2.0,2.0,1.0,1.0
As4d,2.0,2.0,1.0,1.0
As3d,2.0,2.0,1.0,1.0
As2d,2.0,2.0,1.0,1.0
AsAh,2.0,2.0,1.0,1.0
AsKh,2.0,2.0,1.0,1.0
AsQh,2.0,2.0,1.0,1.0
AsJh,2.0,2.0,1.0,1.0
AsTh,2.0,2.0,1.0,1.0
As9h,2.0,2.0,1.0,1.0
As8h,2.0,2.0,1.0,1.0
As7h,2.0,2.0,1.0,1.0
As6h,2.0,2.0,1.0,1.0
As5h,2.0,2.0,1.0,1.0
As4h,2.0,2.0,1.0,1.0
As3h,2.0,2.0,1.0,1.0
As2h,2.0,2.0,1.0,1.0
KsQs,2.0,2.0,1.0,1.0
KsJs,2.0,2.0,1.0,1.0
KsTs,2.0,2.0,1.0,1.0
Ks9s,2.0,2.0,1.0,1.0
Ks8s,2.0,2.0,1.0,1.0
Ks7s,2.0,2.0,1.0,1.0
Ks6s,2.0,2.0,1.0,1.0
Ks5s,2.0,2.0,1.0,1.0
Ks4s,2.0,2.0,1.0,1.0
Ks3s,2.0,2.0,1.0,1.0
Ks2s,2.0,2.0,1.0,1.0
KsAc,2.0,2.0,1.0,1.0
KsKc,2.0,2.0,1.0,1.0
KsQc,2.0,2.0,1.0,1.0
KsJc,2.0,2.0,1.0,1.0
KsTc,2.0,2.0,1.0,1.0
Ks9c,2.0,2.0,1.0,1.0
Ks8c,2.0,2.0,1.0,1.0
Ks7c,2.0,2.0,1.0,1.0
Ks6c,2.0,2.0,1.0,1.0
Ks5c,2.0,2.0,1.0,1.0
Ks4c,2.0,2.0,1.0,1.0
Ks3c,2.0,2.0,1.0,1.0
Ks2c,2.0,2.0,1.0,1.0
KsAd,2.0,2.0,1.0,1.0
KsKd,2.0,2.0,1.0,1.0
KsQd,2.0,2.0,1.0,1.0
KsJd,2.0,2.0,1.0,1.0
KsTd,2.0,2.0,1.0,1.0
Ks9d,2.0,2.0,1.0,1.0
Ks8d,2.0,2.0,1.0,1.0
Ks7d,2.0,2.0,1.0,1.0
Ks6d,2.0,2.0,1.0,1.0
Ks5d,2.0,2.0,1.0,1.0
Ks4d,2.0,2.0,1.0,1.0
Ks3d,2.0,2.0,1.0,1.0
Ks2d,2.0,2.0,1.0,1.0
KsAh,2.0,2.0,1.0,1.0
KsKh,2.0,2.0,1.0,1.0
KsQh,2.0,2.0,1.0,1.0
KsJh,2.0,2.0,1.0,1.0
KsTh,2.0,2.0,1.0,1.0
Ks9h,2.0,2.0,1.0,1.0
Ks8h,2.0,2.0,1.0,1.0
Ks7h,2.0,2.0,1.0,1.0
Ks6h,2.0,2.0,1.0,1.0
Ks5h,2.0,2.0,1.0,1.0
Ks4h,2.0,2.0,1.0,1.0
Ks3h,2.0,2.0,1.0,1.0
Ks2h,2.0,2.0,1.0,1.0
QsJs,2.0,2.0,1.0,1.0
QsTs,2.0,2.0,1.0,1.0
Qs9s,2.0,2.0,1.0,1.0
Qs8s,2.0,2.0,1.0,1.0
Qs7s,2.0,2.0,1.0,1.0
Qs6s,2.0,2.0,1.0,1.0
Qs5s,2.0,2.0,1.0,1.0
Qs4s,2.0,2.0,1.0,1.0
Qs3s,2.0,2.0,1.0,1.0
Qs2s,2.0,2.0,1.0,1.0
QsAc,2.0,2.0,1.0,1.0
QsKc,2.0,2.0,1.0,1.0
QsQc,2.0,2.0,1.0,1.0
QsJc,2.0,2.0,1.0,1.0
QsTc,2.0,2.0,1.0,1.0
Qs9c,2.0,2.0,1.0,1.0
Qs8c,2.0,2.0,1.0,1.0
Qs7c,2.0,2.0,1.0,1.0
Qs6c,2.0,2.0,1.0,1.0
Qs5c,2.0,2.0,1.0,1.0
Qs4c,2.0,2.0,1.0,1.0
Qs3c,2.0,2.0,1.0,1.0
Qs2c,2.0,2.0,1.0,1.0
QsAd,2.0,2.0,1.0,1.0
QsKd,2.0,2.0,1.0,1.0
QsQd,2.0,2.0,1.0,1.0
QsJd,2.0,2.0,1.0,1.0
QsTd,2.0,2.0,1.0,1.0
Qs9d,2.0,2.0,1.0,1.0
Qs8d,2.0,2.0,1.0,1.0
Qs7d,2.0,2.0,1.0,1.0
Qs6d,2.0,2.0,1.0,1.0
Qs5d,2.0,2.0,1.0,1.0
Qs4d,2.0,2.0,1.0,1.0
Qs3d,2.0,2.0,1.0,1.0
Qs2d,2.0,2.0,1.0,1.0
QsAh,2.0,2.0,1.0,1.0
QsKh,2.0,2.0,1.0,1.0
QsQh,2.0,2.0,1.0,1.0
QsJh,2.0,2.0,1.0,1.0
QsTh,2.0,2.0,1.0,1.0
Qs9h,2.0,2.0,1.0,1.0
Qs8h,2.0,2.0,1.0,1.0
Qs7h,2.0,2.0,1.0,1.0
Qs6h,2.0,2.0,1.0,1.0
Qs5h,2.0,2.0,1.0,1.0
Qs4h,2.0,2.0,1.0,1.0
Qs3h,2.0,2.0,1.0,1.0
Qs2h,2.0,2.0,1.0,1.0
JsTs,2.0,2.0,1.0,1.0
Js9s,2.0,2.0,1.0,1.0
Js8s,2.0,2.0,1.0,1.0
Js7s,2.0,2.0,1.0,1.0
Js6s,2.0,2.0,1.0,1.0
Js5s,2.0,2.0,1.0,1.0
Js4s,2.0,2.0,1.0,1.0
Js3s,2.0,2.0,1.0,1.0
Js2s,2.0,2.0,1.0,1.0
JsAc,2.0,2.0,1.0,1.0
JsKc,2.0,2.0,1.0,1.0
JsQc,2.0,2.0,1.0,1.0
JsJc,2.0,2.0,1.0,1.0
JsTc,2.0,2.0,1.0,1.0
Js9c,2.0,2.0,1.0,1.0
Js8c,2.0,2.0,1.0,1.0
Js7c,2.0,2.0,1.0,1.0
Js6c,2.0,2.0,1.0,1.0
Js5c,2.0,2.0,1.0,1.0
Js4c,2.0,2.0,1.0,1.0
Js3c,2.0,2.0,1.0,1.0
Js2c,2.0,2.0,1.0,1.0
JsAd,2.0,2.0,1.0,1.0
JsKd,2.0,2.0,1.0,1.0
JsQd,2.0,2.0,1.0,1.0
JsJd,2.0,2.0,1.0,1.0
JsTd,2.0,2.0,1.0,1.0
Js9d,2.0,2.0,1.0,1.0
Js8d,2.0,2.0,1.0,1.0
Js7d,2.0,2.0,1.0,1.0
Js6d,2.0,2.0,1.0,1.0
Js5d,2.0,2.0,1.0,1.0
Js4d,2.0,2.0,1.0,1.0
Js3d,2.0,2.0,1.0,1.0
Js2d,2.0,2.0,1.0,1.0
JsAh,2.0,2.0,1.0,1.0
JsKh,2.0,2.0,1.0,1.0
JsQh,2.0,2.0,1.0,1.0
JsJh,2.0,2.0,1.0,1.0
JsTh,2.0,2.0,1.0,1.0
Js9h,2.0,2.0,1.0,1.0
Js8h,2.0,2.0,1.0,1.0
Js7h,2.0,2.0,1.0,1.0
Js6h,2.0,2.0,1.0,1.0
Js5h,2.0,2.0,1.0,1.0
Js4h,2.0,2.0,1.0,1.0
Js3h,2.0,2.0,1.0,1.0
Js2h,2.0,2.0,1.0,1.0
Ts9s,2.0,2.0,1.0,1.0
Ts8s,2.0,2.0,1.0,1.0
Ts7s,2.0,2.0,1.0,1.0
Ts6s,2.0,2.0,1.0,1.0
Ts5s,2.0,2.0,1.0,1.0
Ts4s,2.0,2.0,1.0,1.0
Ts3s,2.0,2.0,1.0,1.0
Ts2s,2.0,2.0,1.0,1.0
TsAc,2.0,2.0,1.0,1.0
TsKc,2.0,2.0,1.0,1.0
TsQc,2.0,2.0,1.0,1.0
TsJc,2.0,2.0,1.0,1.0
TsTc,2.0,2.0,1.0,1.0
Ts9c,2.0,2.0,1.0,1.0
Ts8c,2.0,2.0,1.0,1.0
Ts7c,2.0,2.0,1.0,1.0
Ts6c,2.0,2.0,1.0,1.0
Ts5c,2.0,2.0,1.0,1.0
Ts4c,2.0,2.0,1.0,1.0
Ts3c,2.0,2.0,1.0,1.0
Ts2c,2.0,2.0,1.0,1.0
TsAd,2.0,2.0,1.0,1.0
TsKd,2.0,2.0,1.0,1.0
TsQd,2.0,2.0,1.0,1.0
TsJd,2.0,2.0,1.0,1.0
TsTd,2.0,2.0,1.0,1.0
Ts9d,2.0,2.0,1.0,1.0
Ts8d,2.0,2.0,1.0,1.0
Ts7d,2.0,2.0,1.0,1.0
Ts6d,2.0,2.0,1.0,1.0
Ts5d,2.0,2.0,1.0,1.0
Ts4d,2.0,2.0,1.0,1.0
Ts3d,2.0,2.0,1.0,1.0
Ts2d,2.0,2.0,1.0,1.0
TsAh,2.0,2.0,1.0,1.0
TsKh,2.0,2.0,1.0,1.0
TsQh,2.0,2.0,1.0,1.0
TsJh,2.0,2.0,1.0,1.0
TsTh,2.0,2.0,1.0,1.0
Ts9h,2.0,2.0,1.0,1.0
Ts8h,2.0,2.0,1.0,1.0
Ts7h,2.0,2.0,1.0,1.0
Ts6h,2.0,2.0,1.0,1.0
Ts5h,2.0,2.0,1.0,1.0
Ts4h,2.0,2.0,1.0,1.0
Ts3h,2.0,2.0,1.0,1.0
Ts2h,2.0,2.0,1.0,1.0
9s8s,2.0,2.0,1.0,1.0
9s7s,2.0,2.0,1.0,1.0
9s6s,2.0,2.0,1.0,1.0
9s5s,2.0,2.0,1.0,1.0
9s4s,2.0,2.0,1.0,1.0
9s3s,2.0,2.0,1.0,1.0
9s2s,2.0,2.0,1.0,1.0
9sAc,2.0,2.0,1.0,1.0
9sKc,2.0,2.0,1.0,1.0
9sQc,2.0,2.0,1.0,1.0
9sJc,2.0,2.0,1.0,1.0
9sTc,2.0,2.0,1.0,1.0
9s9c,2.0,2.0,1.0,1.0
9s8c,2.0,2.0,1.0,1.0
9s7c,2.0,2.0,1.0,1.0
9s6c,2.0,2.0,1.0,1.0
9s5c,2.0,2.0,1.0,1.0
9s4c,2.0,2.0,1.0,1.0
9s3c,2.0,2.0,1.0,1.0
9s2c,2.0,2.0,1.0,1.0
9sAd,2.0,2.0,1.0,1.0
9sKd,2.0,2.0,1.0,1.0
9sQd,2.0,2.0,1.0,1.0
9sJd,2.0,2.0,1.0,1.0
9sTd,2.0,2.0,1.0,1.0
9s9d,2.0,2.0,1.0,1.0
9s8d,2.0,2.0,1.0,1.0
9s7d,2.0,2.0,1.0,1.0
9s6d,2.0,2.0,1.0,1.0
9s5d,2.0,2.0,1.0,1.0
9s4d,2.0,2.0,1.0,1.0
9s3d,2.0,2.0,1.0,1.0
9s2d,2.0,2.0,1.0,1.0
9sAh,2.0,2.0,1.0,1.0
9sKh,2.0,2.0,1.0,1.0
9sQh,2.0,2.0,1.0,1.0
9sJh,2.0,2.0,1.0,1.0
9sTh,2.0,2.0,1.0,1.0
9s9h,2.0,2.0,1.0,1.0
9s8h,2.0,2.0,1.0,1.0
9s7h,2.0,2.0,1.0,1.0
9s6h,2.0,2.0,1.0,1.0
9s5h,2.0,2.0,1.0,1.0
9s4h,2.0,2.0,1.0,1.0
9s3h,2.0,2.0,1.0,1.0
9s2h,2.0,2.0,1.0,1.0
8s7s,2.0,2.0,1.0,1.0
8s6s,2.0,2.0,1.0,1.0
8s5s,2.0,2.0,1.0,1.0
8s4s,2.0,2.0,1.0,1.0
8s3s,2.0,2.0,1.0,1.0
8s2s,2.0,2.0,1.0,1.0
8sAc,2.0,2.0,1.0,1.0
8sKc,2.0,2.0,1.0,1.0
8sQc,2.0,2.0,1.0,1.0
8sJc,2.0,2.0,1.0,1.0
8sTc,2.0,2.0,1.0,1.0
8s9c,2.0,2.0,1.0,1.0
8s8c,2.0,2.0,1.0,1.0
8s7c,2.0,2.0,1.0,1.0
8s6c,2.0,2.0,1.0,1.0
8s5c,2.0,2.0,1.0,1.0
8s4c,2.0,2.0,1.0,1.0
8s3c,2.0,2.0,1.0,1.0
8s2c,2.0,2.0,1.0,1.0
8sAd,2.0,2.0,1.0,1.0
8sKd,2.0,2.0,1.0,1.0
8sQd,2.0,2.0,1.0,1.0
8sJd,2.0,2.0,1.0,1.0
8sTd,2.0,2.0,1.0,1.0
8s9d,2.0,2.0,1.0,1.0
8s8d,2.0,2.0,1.0,1.0
8s7d,2.0,2.0,1.0,1.0
8s6d,2.0,2.0,1.0,1.0
8s5d,2.0,2.0,1.0,1.0
8s4d,2.0,2.0,1.0,1.0
8s3d,2.0,2.0,1.0,1.0
8s2d,2.0,2.0,1.0,1.0
8sAh,2.0,2.0,1.0,1.0
8sKh,2.0,2.0,1.0,1.0
8sQh,2.0,2.0,1.0,1.0
8sJh,2.0,2.0,1.0,1.0
8sTh,2.0,2.0,1.0,1.0
8s9h,2.0,2.0,1.0,1.0
8s8h,2.0,2.0,1.0,1.0
8s7h,2.0,2.0,1.0,1.0
8s6h,2.0,2.0,1.0,1.0
8s5h,2.0,2.0,1.0,1.0
8s4h,2.0,2.0,1.0,1.0
8s3h,2.0,2.0,1.0,1.0
8s2h,2.0,2.0,1.0,1.0
7s6s,2.0,2.0,1.0,1.0
7s5s,2.0,2.0,1.0,1.0
7s4s,2.0,2.0,1.0,1.0
7s3s,2.0,2.0,1.0,1.0
7s2s,2.0,2.0,1.0,1.0
7sAc,2.0,2.0,1.0,1.0
7sKc,2.0,2.0,1.0,1.0
7sQc,2.0,2.0,1.0,1.0
7sJc,2.0,2.0,1.0,1.0
7sTc,2.0,2.0,1.0,1.0
7s9c,2.0,2.0,1.0,1.0
7s8c,2.0,2.0,1.0,1.0
7s7c,2.0,2.0,1.0,1.0
7s6c,2.0,2.0,1.0,1.0
7s5c,2.0,2.0,1.0,1.0
7s4c,2.0,2.0,1.0,1.0
7s3c,2.0,2.0,1.0,1.0
7s2c,2.0,2.0,1.0,1.0
7sAd,2.0,2.0,1.0,1.0
7sKd,2.0,2.0,1.0,1.0
7sQd,2.0,2.0,1.0,1.0
7sJd,2.0,2.0,1.0,1.0
7sTd,2.0,2.0,1.0,1.0
7s9d,2.0,2.0,1.0,1.0
7s8d,2.0,2.0,1.0,1.0
7s7d,2.0,2.0,1.0,1.0
7s6d,2.0,2.0,1.0,1.0
7s5d,2.0,2.0,1.0,1.0
7s4d,2.0,2.0,1.0,1.0
7s3d,2.0,2.0,1.0,1.0
7s2d,2.0,2.0,1.0,1.0
7sAh,2.0,2.0,1.0,1.0
7sKh,2.0,2.0,1.0,1.0
7sQh,2.0,2.0,1.0,1.0
7sJh,2.0,2.0,1.0,1.0
7sTh,2.0,2.0,1.0,1.0
7s9h,2.0,2.0,1.0,1.0
7s8h,2.0,2.0,1.0,1.0
7s7h,2.0,2.0,1.0,1.0
7s6h,2.0,2.0,1.0,1.0
7s5h,2.0,2.0,1.0,1.0
7s4h,2.0,2.0,1.0,1.0
7s3h,2.0,2.0,1.0,1.0
7s2h,2.0,2.0,1.0,1.0
6s5s,2.0,2.0,1.0,1.0
6s4s,2.0,2.0,1.0,1.0
6s3s,2.0,2.0,1.0,1.0
6s2s,2.0,2.0,1.0,1.0
6sAc,2.0,2.0,1.0,1.0
6sKc,2.0,2.0,1.0,1.0
6sQc,2.0,2.0,1.0,1.0
6sJc,2.0,2.0,1.0,1.0
6sTc,2.0,2.0,1.0,1.0
6s9c,2.0,2.0,1.0,1.0
6s8c,2.0,2.0,1.0,1.0
6s7c,2.0,2.0,1.0,1.0
6s6c,2.0,2.0,1.0,1.0
6s5c,2.0,2.0,1.0,1.0
6s4c,2.0,2.0,1.0,1.0
6s3c,2.0,2.0,1.0,1.0
6s2c,2.0,2.0,1.0,1.0
6sAd,2.0,2.0,1.0,1.0
6sKd,2.0,2.0,1.0,1.0
6sQd,2.0,2.0,1.0,1.0
6sJd,2.0,2.0,1.0,1.0
6sTd,2.0,2.0,1.0,1.0
6s9d,2.0,2.0,1.0,1.0
6s8d,2.0,2.0,1.0,1.0
6s7d,2.0,2.0,1.0,1.0
6s6d,2.0,2.0,1.0,1.0
6s5d,2.0,2.0,1.0,1.0
6s4d,2.0,2.0,1.0,1.0
6s3d,2.0,2.0,1.0,1.0
6s2d,2.0,2.0,1.0,1.0
6sAh,2.0,2.0,1.0,1.0
6sKh,2.0,2.0,1.0,1.0
6sQh,2.0,2.0,1.0,1.0
6sJh,2.0,2.0,1.0,1.0
6sTh,2.0,2.0,1.0,1.0
6s9h,2.0,2.0,1.0,1.0
6s8h,2.0,2.0,1.0,1.0
6s7h,2.0,2.0,1.0,1.0
6s6h,2.0,2.0,1.0,1.0
6s5h,2.0,2.0,1.0,1.0
6s4h,2.0,2.0,1.0,1.0
6s3h,2.0,2.0,1.0,1.0
6s2h,2.0,2.0,1.0,1.0
5s4s,2.0,2.0,1.0,1.0
5s3s,2.0,2.0,1.0,1.0
5s2s,2.0,2.0,1.0,1.0
5sAc,2.0,2.0,1.0,1.0
5sKc,2.0,2.0,1.0,1.0
5sQc,2.0,2.0,1.0,1.0
5sJc,2.0,2.0,1.0,1.0
5sTc,2.0,2.0,1.0,1.0
5s9c,2.0,2.0,1.0,1.0
5s8c,2.0,2.0,1.0,1.0
5s7c,2.0,2.0,1.0,1.0
5s6c,2.0,2.0,1.0,1.0
5s5c,2.0,2.0,1.0,1.0
5s4c,2.0,2.0,1.0,1.0
5s3c,2.0,2.0,1.0,1.0
5s2c,2.0,2.0,1.0,1.0
5sAd,2.0,2.0,1.0,1.0
5sKd,2.0,2.0,1.0,1.0
5sQd,2.0,2.0,1.0,1.0
5sJd,2.0,2.0,1.0,1.0
5sTd,2.0,2.0,1.0,1.0
5s9d,2.0,2.0,1.0,1.0
5s8d,2.0,2.0,1.0,1.0
5s7d,2.0,2.0,1.0,1.0
5s6d,2.0,2.0,1.0,1.0
5s5d,2.0,2.0,1.0,1.0
5s4d,2.0,2.0,1.0,1.0
5s3d,2.0,2.0,1.0,1.0
5s2d,2.0,2.0,1.0,1.0
5sAh,2.0,2.0,1.0,1.0
5sKh,2.0,2.0,1.0,1.0
5sQh,2.0,2.0,1.0,1.0
5sJh,2.0,2.0,1.0,1.0
5sTh,2.0,2.0,1.0,1.0
5s9h,2.0,2.0,1.0,1.0
5s8h,2.0,2.0,1.0,1.0
5s7h,2.0,2.0,1.0,1.0
5s6h,2.0,2.0,1.0,1.0
5s5h,2.0,2.0,1.0,1.0
5s4h,2.0,2.0,1.0,1.0
5s3h,2.0,2.0,1.0,1.0
5s2h,2.0,2.0,1.0,1.0
4s3s,2.0,2.0,1.0,1.0
4s2s,2.0,2.0,1.0,1.0
4sAc,2.0,2.0,1.0,1.0
4sKc,2.0,2.0,1.0,1.0
4sQc,2.0,2.0,1.0,1.0
4sJc,2.0,2.0,1.0,1.0
4sTc,2.0,2.0,1.0,1.0
4s9c,2.0,2.0,1.0,1.0
4s8c,2.0,2.0,1.0,1.0
4s7c,2.0,2.0,1.0,1.0
4s6c,2.0,2.0,1.0,1.0
4s5c,2.0,2.0,1.0,1.0
4s4c,2.0,2.0,1.0,1.0
4s3c,2.0,2.0,1.0,1.0
4s2c,2.0,2.0,1.0,1.0
4sAd,2.0,2.0,1.0,1.0
4sKd,2.0,2.0,1.0,1.0
4sQd,2.0,2.0,1.0,1.0
4sJd,2.0,2.0,1.0,1.0
4sTd,2.0,2.0,1.0,1.0
4s9d,2.0,2.0,1.0,1.0
4s8d,2.0,2.0,1.0,1.0
4s7d,2.0,2.0,1.0,1.0
4s6d,2.0,2.0,1.0,1.0
4s5d,2.0,2.0,1.0,1.0
4s4d,2.0,2.0,1.0,1.0
4s3d,2.0,2.0,1.0,1.0
4s2d,2.0,2.0,1.0,1.0
4sAh,2.0,2.0,1.0,1.0
4sKh,2.0,2.0,1.0,1.0
4sQh,2.0,2.0,1.0,1.0
4sJh,2.0,2.0,1.0,1.0
4sTh,2.0,2.0,1.0,1.0
4s9h,2.0,2.0,1.0,1.0
4s8h,2.0,2.0,1.0,1.0
4s7h,2.0,2.0,1.0,1.0
4s6h,2.0,2.0,1.0,1.0
4s5h,2.0,2.0,1.0,1.0
4s4h,2.0,2.0,1.0,1.0
4s3h,2.0,2.0,1.0,1.0
4s2h,2.0,2.0,1.0,1.0
3s2s,2.0,2.0,1.0,1.0
3sAc,2.0,2.0,1.0,1.0
3sKc,2.0,2.0,1.0,1.0
3sQc,2.0,2.0,1.0,1.0
3sJc,2.0,2.0,1.0,1.0
3sTc,2.0,2.0,1.0,1.0
3s9c,2.0,2.0,1.0,1.0
3s8c,2.0,2.0,1.0,1.0
3s7c,2.0,2.0,1.0,1.0
3s6c,2.0,2.0,1.0,1.0
3s5c,2.0,2.0,1.0,1.0
3s4c,2.0,2.0,1.0,1.0
3s3c,2.0,2.0,1.0,1.0
3s2c,2.0,2.0,1.0,1.0
3sAd,2.0,2.0,1.0,1.0
3sKd,2.0,2.0,1.0,1.0
3sQd,2.0,2.0,1.0,1.0
3sJd,2.0,2.0,1.0,1.0
3sTd,2.0,2.0,1.0,1.0
3s9d,2.0,2.0,1.0,1.0
3s8d,2.0,2.0,1.0,1.0
3s7d,2.0,2.0,1.0,1.0
3s6d,2.0,2.0,1.0,1.0
3s5d,2.0,2.0,1.0,1.0
3s4d,2.0,2.0,1.0,1.0
3s3d,2.0,2.0,1.0,1.0
3s2d,2.0,2.0,1.0,1.0
3sAh,2.0,2.0,1.0,1.0
3sKh,2.0,2.0,1.0,1.0
3sQh,2.0,2.0,1.0,1.0
3sJh,2.0,2.0,1.0,1.0
3sTh,2.0,2.0,1.0,1.0
3s9h,2.0,2.0,1.0,1.0
3s8h,2.0,2.0,1.0,1.0
3s7h,2.0,2.0,1.0,1.0
3s6h,2.0,2.0,1.0,1.0
3s5h,2.0,2.0,1.0,1.0
3s4h,2.0,2.0,1.0,1.0
3s3h,2.0,2.0,1.0,1.0
3s2h,2.0,2.0,1.0,1.0
2sAc,2.0,2.0,1.0,1.0
2sKc,2.0,2.0,1.0,1.0
2sQc,2.0,2.0,1.0,1.0
2sJc,2.0,2.0,1.0,1.0
2sTc,2.0,2.0,1.0,1.0
2s9c,2.0,2.0,1.0,1.0
2s8c,2.0,2.0,1.0,1.0
2s7c,2.0,2.0,1.0,1.0
2s6c,2.0,2.0,1.0,1.0
2s5c,2.0,2.0,1.0,1.0
2s4c,2.0,2.0,1.0,1.0
2s3c,2.0,2.0,1.0,1.0
2s2c,2.0,2.0,1.0,1.0
2sAd,2.0,2.0,1.0,1.0
2sKd,2.0,2.0,1.0,1.0
2sQd,2.0,2.0,1.0,1.0
2sJd,2.0,2.0,1.0,1.0
2sTd,2.0,2.0,1.0,1.0
2s9d,2.0,2.0,1.0,1.0
2s8d,2.0,2.0,1.0,1.0
2s7d,2.0,2.0,1.0,1.0
2s6d,2.0,2.0,1.0,1.0
2s5d,2.0,2.0,1.0,1.0
2s4d,2.0,2.0,1.0,1.0
2s3d,2.0,2.0,1.0,1.0
2s2d,2.0,2.0,1.0,1.0
2sAh,2.0,2.0,1.0,1.0
2sKh,2.0,2.0,1.0,1.0
2sQh,2.0,2.0,1.0,1.0
2sJh,2.0,2.0,1.0,1.0
2sTh,2.0,2.0,1.0,1.0
2s9h,2.0,2.0,1.0,1.0
2s8h,2.0,2.0,1.0,1.0
2s7h,2.0,2.0,1.0,1.0
2s6h,2.0,2.0,1.0,1.0
2s5h,2.0,2.0,1.0,1.0
2s4h,2.0,2.0,1.0,1.0
2s3h,2.0,2.0,1.0,1.0
2s2h,2.0,2.0,1.0,1.0
AcKc,2.0,2.0,1.0,1.0
AcQc,2.0,2.0,1.0,1.0
AcJc,2.0,2.0,1.0,1.0
AcTc,2.0,2.0,1.0,1.0
Ac9c,2.0,2.0,1.0,1.0
Ac8c,2.0,2.0,1.0,1.0
Ac7c,2.0,2.0,1.0,1.0
Ac6c,2.0,2.0,1.0,1.0
Ac5c,2.0,2.0,1.0,1.0
Ac4c,2.0,2.0,1.0,1.0
Ac3c,2.0,2.0,1.0,1.0
Ac2c,2.0,2.0,1.0,1.0
AcAd,2.0,2.0,1.0,1.0
AcKd,2.0,2.0,1.0,1.0
AcQd,2.0,2.0,1.0,1.0
AcJd,2.0,2.0,1.0,1.0
AcTd,2.0,2.0,1.0,1.0
Ac9d,2.0,2.0,1.0,1.0
Ac8d,2.0,2.0,1.0,1.0
Ac7d,2.0,2.0,1.0,1.0
Ac6d,2.0,2.0,1.0,1.0
Ac5d,2.0,2.0,1.0,1.0
Ac4d,2.0,2.0,1.0,1.0
Ac3d,2.0,2.0,1.0,1.0
Ac2d,2.0,2.0,1.0,1.0
AcAh,2.0,2.0,1.0,1.0
AcKh,2.0,2.0,1.0,1.0
AcQh,2.0,2.0,1.0,1.0
AcJh,2.0,2.0,1.0,1.0
AcTh,2.0,2.0,1.0,1.0
Ac9h,2.0,2.0,1.0,1.0
Ac8h,2.0,2.0,1.0,1.0
Ac7h,2.0,2.0,1.0,1.0
Ac6h,2.0,2.0,1.0,1.0
Ac5h,2.0,2.0,1.0,1.0
Ac4h,2.0,2.0,1.0,1.0
Ac3h,2.0,2.0,1.0,1.0
Ac2h,2.0,2.0,1.0,1.0
KcQc,2.0,2.0,1.0,1.0
KcJc,2.0,2.0,1.0,1.0
KcTc,2.0,2.0,1.0,1.0
Kc9c,2.0,2.0,1.0,1.0
Kc8c,2.0,2.0,1.0,1.0
Kc7c,2.0,2.0,1.0,1.0
Kc6c,2.0,2.0,1.0,1.0
Kc5c,2.0,2.0,1.0,1.0
Kc4c,2.0,2.0,1.0,1.0
Kc3c,2.0,2.0,1.0,1.0
Kc2c,2.0,2.0,1.0,1.0
KcAd,2.0,2.0,1.0,1.0
KcKd,2.0,2.0,1.0,1.0
KcQd,2.0,2.0,1.0,1.0
KcJd,2.0,2.0,1.0,1.0
KcTd,2.0,2.0,1.0,1.0
Kc9d,2.0,2.0,1.0,1.0
Kc8d,2.0,2.0,1.0,1.0
Kc7d,2.0,2.0,1.0,1.0
Kc6d,2.0,2.0,1.0,1.0
Kc5d,2.0,2.0,1.0,1.0
Kc4d,2.0,2.0,1.0,1.0
Kc3d,2.0,2.0,1.0,1.0
Kc2d,2.0,2.0,1.0,1.0
KcAh,2.0,2.0,1.0,1.0
KcKh,2.0,2.0,1.0,1.0
KcQh,2.0,2.0,1.0,1.0
KcJh,2.0,2.0,1.0,1.0
KcTh,2.0,2.0,1.0,1.0
Kc9h,2.0,2.0,1.0,1.0
Kc8h,2.0,2.0,1.0,1.0
Kc7h,2.0,2.0,1.0,1.0
Kc6h,2.0,2.0,1.0,1.0
Kc5h,2.0,2.0,1.0,1.0
Kc4h,2.0,2.0,1.0,1.0
Kc3h,2.0,2.0,1.0,1.0
Kc2h,2.0,2.0,1.0,1.0
QcJc,2.0,2.0,1.0,1.0
QcTc,2.0,2.0,1.0,1.0
Qc9c,2.0,2.0,1.0,1.0
Qc8c,2.0,2.0,1.0,1.0
Qc7c,2.0,2.0,1.0,1.0
Qc6c,2.0,2.0,1.0,1.0
Qc5c,2.0,2.0,1.0,1.0
Qc4c,2.0,2.0,1.0,1.0
Qc3c,2.0,2.0,1.0,1.0
Qc2c,2.0,2.0,1.0,1.0
QcAd,2.0,2.0,1.0,1.0
QcKd,2.0,2.0,1.0,1.0
QcQd,2.0,2.0,1.0,1.0
QcJd,2.0,2.0,1.0,1.0
QcTd,2.0,2.0,1.0,1.0
Qc9d,2.0,2.0,1.0,1.0
Qc8d,2.0,2.0,1.0,1.0
Qc7d,2.0,2.0,1.0,1.0
Qc6d,2.0,2.0,1.0,1.0
Qc5d,2.0,2.0,1.0,1.0
Qc4d,2.0,2.0,1.0,1.0
Qc3d,2.0,2.0,1.0,1.0
Qc2d,2.0,2.0,1.0,1.0
QcAh,2.0,2.0,1.0,1.0
QcKh,2.0,2.0,1.0,1.0
QcQh,2.0,2.0,1.0,1.0
QcJh,2.0,2.0,1.0,1.0
QcTh,2.0,2.0,1.0,1.0
Qc9h,2.0,2.0,1.0,1.0
Qc8h,2.0,2.0,1.0,1.0
Qc7h,2.0,2.0,1.0,1.0
Qc6h,2.0,2.0,1.0,1.0
Qc5h,2.0,2.0,1.0,1.0
Qc4h,2.0,2.0,1.0,1.0
Qc3h,2.0,2.0,1.0,1.0
Qc2h,2.0,2.0,1.0,1.0
JcTc,2.0,2.0,1.0,1.0
Jc9c,2.0,2.0,1.0,1.0
Jc8c,2.0,2.0,1.0,1.0
Jc7c,2.0,2.0,1.0,1.0
Jc6c,2.0,2.0,1.0,1.0
Jc5c,2.0,2.0,1.0,1.0
Jc4c,2.0,2.0,1.0,1.0
Jc3c,2.0,2.0,1.0,1.0
Jc2c,2.0,2.0,1.0,1.0
JcAd,2.0,2.0,1.0,1.0
JcKd,2.0,2.0,1.0,1.0
JcQd,2.0,2.0,1.0,1.0
JcJd,2.0,2.0,1.0,1.0
JcTd,2.0,2.0,1.0,1.0
Jc9d,2.0,2.0,1.0,1.0
Jc8d,2.0,2.0,1.0,1.0
Jc7d,2.0,2.0,1.0,1.0
Jc6d,2.0,2.0,1.0,1.0
Jc5d,2.0,2.0,1.0,1.0
Jc4d,2.0,2.0,1.0,1.0
Jc3d,2.0,2.0,1.0,1.0
Jc2d,2.0,2.0,1.0,1.0
JcAh,2.0,2.0,1.0,1.0
JcKh,2.0,2.0,1.0,1.0
JcQh,2.0,2.0,1.0,1.0
JcJh,2.0,2.0,1.0,1.0
JcTh,2.0,2.0,1.0,1.0
Jc9h,2.0,2.0,1.0,1.0
Jc8h,2.0,2.0,1.0,1.0
Jc7h,2.0,2.0,1.0,1.0
Jc6h,2.0,2.0,1.0,1.0
Jc5h,2.0,2.0,1.0,1.0
Jc4h,2.0,2.0,1.0,1.0
Jc3h,2.0,2.0,1.0,1.0
Jc2h,2.0,2.0,1.0,1.0
Tc9c,2.0,2.0,1.0,1.0
Tc8c,2.0,2.0,1.0,1.0
Tc7c,2.0,2.0,1.0,1.0
Tc6c,2.0,2.0,1.0,1.0
Tc5c,2.0,2.0,1.0,1.0
Tc4c,2.0,2.0,1.0,1.0
Tc3c,2.0,2.0,1.0,1.0
Tc2c,2.0,2.0,1.0,1.0
TcAd,2.0,2.0,1.0,1.0
TcKd,2.0,2.0,1.0,1.0
TcQd,2.0,2.0,1.0,1.0
TcJd,2.0,2.0,1.0,1.0
TcTd,2.0,2.0,1.0,1.0
Tc9d,2.0,2.0,1.0,1.0
Tc8d,2.0,2.0,1.0,1.0
Tc7d,2.0,2.0,1.0,1.0
Tc6d,2.0,2.0,1.0,1.0
Tc5d,2.0,2.0,1.0,1.0
Tc4d,2.0,2.0,1.0,1.0
Tc3d,2.0,2.0,1.0,1.0
Tc2d,2.0,2.0,1.0,1.0
TcAh,2.0,2.0,1.0,1.0
TcKh,2.0,2.0,1.0,1.0
TcQh,2.0,2.0,1.0,1.0
TcJh,2.0,2.0,1.0,1.0
TcTh,2.0,2.0,1.0,1.0
Tc9h,2.0,2.0,1.0,1.0
Tc8h,2.0,2.0,1.0,1.0
Tc7h,2.0,2.0,1.0,1.0
Tc6h,2.0,2.0,1.0,1.0
Tc5h,2.0,2.0,1.0,1.0
Tc4h,2.0,2.0,1.0,1.0
Tc3h,2.0,2.0,1.0,1.0
Tc2h,2.0,2.0,1.0,1.0
9c8c,2.0,2.0,1.0,1.0
9c7c,2.0,2.0,1.0,1.0
9c6c,2.0,2.0,1.0,1.0
9c5c,2.0,2.0,1.0,1.0
9c4c,2.0,2.0,1.0,1.0
9c3c,2.0,2.0,1.0,1.0
9c2c,2.0,2.0,1.0,1.0
9cAd,2.0,2.0,1.0,1.0
9cKd,2.0,2.0,1.0,1.0
9cQd,2.0,2.0,1.0,1.0
9cJd,2.0,2.0,1.0,1.0
9cTd,2.0,2.0,1.0,1.0
9c9d,2.0,2.0,1.0,1.0
9c8d,2.0,2.0,1.0,1.0
9c7d,2.0,2.0,1.0,1.0
9c6d,2.0,2.0,1.0,1.0
9c5d,2.0,2.0,1.0,1.0
9c4d,2.0,2.0,1.0,1.0
9c3d,2.0,2.0,1.0,1.0
9c2d,2.0,2.0,1.0,1.0
9cAh,2.0,2.0,1.0,1.0
9cKh,2.0,2.0,1.0,1.0
9cQh,2.0,2.0,1.0,1.0
9cJh,2.0,2.0,1.0,1.0
9cTh,2.0,2.0,1.0,1.0
9c9h,2.0,2.0,1.0,1.0
9c8h,2.0,2.0,1.0,1.0
9c7h,2.0,2.0,1.0,1.0
9c6h,2.0,2.0,1.0,1.0
9c5h,2.0,2.0,1.0,1.0
9c4h,2.0,2.0,1.0,1.0
9c3h,2.0,2.0,1.0,1.0
9c2h,2.0,2.0,1.0,1.0
8c7c,2.0,2.0,1.0,1.0
8c6c,2.0,2.0,1.0,1.0
8c5c,2.0,2.0,1.0,1.0
8c4c,2.0,2.0,1.0,1.0
8c3c,2.0,2.0,1.0,1.0
8c2c,2.0,2.0,1.0,1.0
8cAd,2.0,2.0,1.0,1.0
8cKd,2.0,2.0,1.0,1.0
8cQd,2.0,2.0,1.0,1.0
8cJd,2.0,2.0,1.0,1.0
8cTd,2.0,2.0,1.0,1.0
8c9d,2.0,2.0,1.0,1.0
8c8d,2.0,2.0,1.0,1.0
8c7d,2.0,2.0,1.0,1.0
8c6d,2.0,2.0,1.0,1.0
8c5d,2.0,2.0,1.0,1.0
8c4d,2.0,2.0,1.0,1.0
8c3d,2.0,2.0,1.0,1.0
8c2d,2.0,2.0,1.0,1.0
8cAh,2.0,2.0,1.0,1.0
8cKh,2.0,2.0,1.0,1.0
8cQh,2.0,2.0,1.0,1.0
8cJh,2.0,2.0,1.0,1.0
8cTh,2.0,2.0,1.0,1.0
8c9h,2.0,2.0,1.0,1.0
8c8h,2.0,2.0,1.0,1.0
8c7h,2.0,2.0,1.0,1.0
8c6h,2.0,2.0,1.0,1.0
8c5h,2.0,2.0,1.0,1.0
8c4h,2.0,2.0,1.0,1.0
8c3h,2.0,2.0,1.0,1.0
8c2h,2.0,2.0,1.0,1.0
7c6c,2.0,2.0,1.0,1.0
7c5c,2.0,2.0,1.0,1.0
7c4c,2.0,2.0,1.0,1.0
7c3c,2.0,2.0,1.0,1.0
7c2c,2.0,2.0,1.0,1.0
7cAd,2.0,2.0,1.0,1.0
7cKd,2.0,2.0,1.0,1.0
7cQd,2.0,2.0,1.0,1.0
7cJd,2.0,2.0,1.0,1.0
7cTd,2.0,2.0,1.0,1.0
7c9d,2.0,2.0,1.0,1.0
7c8d,2.0,2.0,1.0,1.0
7c7d,2.0,2.0,1.0,1.0
7c6d,2.0,2.0,1.0,1.0
7c5d,2.0,2.0,1.0,1.0
7c4d,2.0,2.0,1.0,1.0
7c3d,2.0,2.0,1.0,1.0
7c2d,2.0,2.0,1.0,1.0
7cAh,2.0,2.0,1.0,1.0
7cKh,2.0,2.0,1.0,1.0
7cQh,2.0,2.0,1.0,1.0
7cJh,2.0,2.0,1.0,1.0
7cTh,2.0,2.0,1.0,1.0
7c9h,2.0,2.0,1.0,1.0
7c8h,2.0,2.0,1.0,1.0
7c7h,2.0,2.0,1.0,1.0
7c6h,2.0,2.0,1.0,1.0
7c5h,2.0,2.0,1.0,1.0
7c4h,2.0,2.0,1.0,1.0
7c3h,2.0,2.0,1.0,1.0
7c2h,2.0,2.0,1.0,1.0
6c5c,2.0,2.0,1.0,1.0
6c4c,2.0,2.0,1.0,1.0
6c3c,2.0,2.0,1.0,1.0
6c2c,2.0,2.0,1.0,1.0
6cAd,2.0,2.0,1.0,1.0
6cKd,2.0,2.0,1.0,1.0
6cQd,2.0,2.0,1.0,1.0
6cJd,2.0,2.0,1.0,1.0
6cTd,2.0,2.0,1.0,1.0
6c9d,2.0,2.0,1.0,1.0
6c8d,2.0,2.0,1.0,1.0
6c7d,2.0,2.0,1.0,1.0
6c6d,2.0,2.0,1.0,1.0
6c5d,2.0,2.0,1.0,1.0
6c4d,2.0,2.0,1.0,1.0
6c3d,2.0,2.0,1.0,1.0
6c2d,2.0,2.0,1.0,1.0
6cAh,2.0,2.0,1.0,1.0
6cKh,2.0,2.0,1.0,1.0
6cQh,2.0,2.0,1.0,1.0
6cJh,2.0,2.0,1.0,1.0
6cTh,2.0,2.0,1.0,1.0
6c9h,2.0,2.0,1.0,1.0
6c8h,2.0,2.0,1.0,1.0
6c7h,2.0,2.0,1.0,1.0
6c6h,2.0,2.0,1.0,1.0
6c5h,2.0,2.0,1.0,1.0
6c4h,2.0,2.0,1.0,1.0
6c3h,2.0,2.0,1.0,1.0
6c2h,2.0,2.0,1.0,1.0
5c4c,2.0,2.0,1.0,1.0
5c3c,2.0,2.0,1.0,1.0
5c2c,2.0,2.0,1.0,1.0
5cAd,2.0,2.0,1.0,1.0
5cKd,2.0,2.0,1.0,1.0
5cQd,2.0,2.0,1.0,1.0
5cJd,2.0,2.0,1.0,1.0
5cTd,2.0,2.0,1.0,1.0
5c9d,2.0,2.0,1.0,1.0
5c8d,2.0,2.0,1.0,1.0
5c7d,2.0,2.0,1.0,1.0
5c6d,2.0,2.0,1.0,1.0
5c5d,2.0,2.0,1.0,1.0
5c4d,2.0,2.0,1.0,1.0
5c3d,2.0,2.0,1.0,1.0
5c2d,2.0,2.0,1.0,1.0
5cAh,2.0,2.0,1.0,1.0
5cKh,2.0,2.0,1.0,1.0
5cQh,2.0,2.0,1.0,1.0
5cJh,2.0,2.0,1.0,1.0
5cTh,2.0,2.0,1.0,1.0
5c9h,2.0,2.0,1.0,1.0
5c8h,2.0,2.0,1.0,1.0
5c7h,2.0,2.0,1.0,1.0
5c6h,2.0,2.0,1.0,1.0
5c5h,2.0,2.0,1.0,1.0
5c4h,2.0,2.0,1.0,1.0
5c3h,2.0,2.0,1.0,1.0
5c2h,2.0,2.0,1.0,1.0
4c3c,2.0,2.0,1.0,1.0
4c2c,2.0,2.0,1.0,1.0
4cAd,2.0,2.0,1.0,1.0
4cKd,2.0,2.0,1.0,1.0
4cQd,2.0,2.0,1.0,1.0
4cJd,2.0,2.0,1.0,1.0
4cTd,2.0,2.0,1.0,1.0
4c9d,2.0,2.0,1.0,1.0
4c8d,2.0,2.0,1.0,1.0
4c7d,2.0,2.0,1.0,1.0
4c6d,2.0,2.0,1.0,1.0
4c5d,2.0,2.0,1.0,1.0
4c4d,2.0,2.0,1.0,1.0
4c3d,2.0,2.0,1.0,1.0
4c2d,2.0,2.0,1.0,1.0
4cAh,2.0,2.0,1.0,1.0
4cKh,2.0,2.0,1.0,1.0
4cQh,2.0,2.0,1.0,1.0
4cJh,2.0,2.0,1.0,1.0
4cTh,2.0,2.0,1.0,1.0
4c9h,2.0,2.0,1.0,1.0
4c8h,2.0,2.0,1.0,1.0
4c7h,2.0,2.0,1.0,1.0
4c6h,2.0,2.0,1.0,1.0
4c5h,2.0,2.0,1.0,1.0
4c4h,2.0,2.0,1.0,1.0
4c3h,2.0,2.0,1.0,1.0
4c2h,2.0,2.0,1.0,1.0
3c2c,2.0,2.0,1.0,1.0
3cAd,2.0,2.0,1.0,1.0
3cKd,2.0,2.0,1.0,1.0
3cQd,2.0,2.0,1.0,1.0
3cJd,2.0,2.0,1.0,1.0
3cTd,2.0,2.0,1.0,1.0
3c9d,2.0,2.0,1.0,1.0
3c8d,2.0,2.0,1.0,1.0
3c7d,2.0,2.0,1.0,1.0
3c6d,2.0,2.0,1.0,1.0
3c5d,2.0,2.0,1.0,1.0
3c4d,2.0,2.0,1.0,1.0
3c3d,2.0,2.0,1.0,1.0
3c2d,2.0,2.0,1.0,1.0
3cAh,2.0,2.0,1.0,1.0
3cKh,2.0,2.0,1.0,1.0
3cQh,2.0,2.0,1.0,1.0
3cJh,2.0,2.0,1.0,1.0
3cTh,2.0,2.0,1.0,1.0
3c9h,2.0,2.0,1.0,1.0
3c8h,2.0,2.0,1.0,1.0
3c7h,2.0,2.0,1.0,1.0
3c6h,2.0,2.0,1.0,1.0
3c5h,2.0,2.0,1.0,1.0
3c4h,2.0,2.0,1.0,1.0
3c3h,2.0,2.0,1.0,1.0
3c2h,2.0,2.0,1.0,1.0
2cAd,2.0,2.0,1.0,1.0
2cKd,2.0,2.0,1.0,1.0
2cQd,2.0,2.0,1.0,1.0
2cJd,2.0,2.0,1.0,1.0
2cTd,2.0,2.0,1.0,1.0
2c9d,2.0,2.0,1.0,1.0
2c8d,2.0,2.0,1.0,1.0
2c7d,2.0,2.0,1.0,1.0
2c6d,2.0,2.0,1.0,1.0
2c5d,2.0,2.0,1.0,1.0
2c4d,2.0,2.0,1.0,1.0
2c3d,2.0,2.0,1.0,1.0
2c2d,2.0,2.0,1.0,1.0
2cAh,2.0,2.0,1.0,1.0
2cKh,2.0,2.0,1.0,1.0
2cQh,2.0,2.0,1.0,1.0
2cJh,2.0,2.0,1.0,1.0
2cTh,2.0,2.0,1.0,1.0
2c9h,2.0,2.0,1.0,1.0
2c8h,2.0,2.0,1.0,1.0
2c7h,2.0,2.0,1.0,1.0
2c6h,2.0,2.0,1.0,1.0
2c5h,2.0,2.0,1.0,1.0
2c4h,2.0,2.0,1.0,1.0
2c3h,2.0,2.0,1.0,1.0
2c2h,2.0,2.0,1.0,1.0
AdKd,2.0,2.0,1.0,1.0
AdQd,2.0,2.0,1.0,1.0
AdJd,2.0,2.0,1.0,1.0
AdTd,2.0,2.0,1.0,1.0
Ad9d,2.0,2.0,1.0,1.0
Ad8d,2.0,2.0,1.0,1.0
Ad7d,2.0,2.0,1.0,1.0
Ad6d,2.0,2.0,1.0,1.0
Ad5d,2.0,2.0,1.0,1.0
Ad4d,2.0,2.0,1.0,1.0
Ad3d,2.0,2.0,1.0,1.0
Ad2d,2.0,2.0,1.0,1.0
AdAh,2.0,2.0,1.0,1.0
AdKh,2.0,2.0,1.0,1.0
AdQh,2.0,2.0,1.0,1.0
AdJh,2.0,2.0,1.0,1.0
AdTh,2.0,2.0,1.0,1.0
Ad9h,2.0,2.0,1.0,1.0
Ad8h,2.0,2.0,1.0,1.0
Ad7h,2.0,2.0,1.0,1.0
Ad6h,2.0,2.0,1.0,1.0
Ad5h,2.0,2.0,1.0,1.0
Ad4h,2.0,2.0,1.0,1.0
Ad3h,2.0,2.0,1.0,1.0
Ad2h,2.0,2.0,1.0,1.0
KdQd,2.0,2.0,1.0,1.0
KdJd,2.0,2.0,1.0,1.0
KdTd,2.0,2.0,1.0,1.0
Kd9d,2.0,2.0,1.0,1.0
Kd8d,2.0,2.0,1.0,1.0
Kd7d,2.0,2.0,1.0,1.0
Kd6d,2.0,2.0,1.0,1.0
Kd5d,2.0,2.0,1.0,1.0
Kd4d,2.0,2.0,1.0,1.0
Kd3d,2.0,2.0,1.0,1.0
Kd2d,2.0,2.0,1.0,1.0
KdAh,2.0,2.0,1.0,1.0
KdKh,2.0,2.0,1.0,1.0
KdQh,2.0,2.0,1.0,1.0
KdJh,2.0,2.0,1.0,1.0
KdTh,2.0,2.0,1.0,1.0
Kd9h,2.0,2.0,1.0,1.0
Kd8h,2.0,2.0,1.0,1.0
Kd7h,2.0,2.0,1.0,1.0
Kd6h,2.0,2.0,1.0,1.0
Kd5h,2.0,2.0,1.0,1.0
Kd4h,2.0,2.0,1.0,1.0
Kd3h,2.0,2.0,1.0,1.0
Kd2h,2.0,2.0,1.0,1.0
QdJd,2.0,2.0,1.0,1.0
QdTd,2.0,2.0,1.0,1.0
Qd9d,2.0,2.0,1.0,1.0
Qd8d,2.0,2.0,1.0,1.0
Qd7d,2.0,2.0,1.0,1.0
Qd6d,2.0,2.0,1.0,1.0
Qd5d,2.0,2.0,1.0,1.0
Qd4d,2.0,2.0,1.0,1.0
Qd3d,2.0,2.0,1.0,1.0
Qd2d,2.0,2.0,1.0,1.0
QdAh,2.0,2.0,1.0,1.0
QdKh,2.0,2.0,1.0,1.0
QdQh,2.0,2.0,1.0,1.0
QdJh,2.0,2.0,1.0,1.0
QdTh,2.0,2.0,1.0,1.0
Qd9h,2.0,2.0,1.0,1.0
Qd8h,2.0,2.0,1.0,1.0
Qd7h,2.0,2.0,1.0,1.0
Qd6h,2.0,2.0,1.0,1.0
Qd5h,2.0,2.0,1.0,1.0
Qd4h,2.0,2.0,1.0,1.0
Qd3h,2.0,2.0,1.0,1.0
Qd2h,2.0,2.0,1.0,1.0
JdTd,2.0,2.0,1.0,1.0
Jd9d,2.0,2.0,1.0,1.0
Jd8d,2.0,2.0,1.0,1.0
Jd7d,2.0,2.0,1.0,1.0
Jd6d,2.0,2.0,1.0,1.0
Jd5d,2.0,2.0,1.0,1.0
Jd4d,2.0,2.0,1.0,1.0
Jd3d,2.0,2.0,1.0,1.0
Jd2d,2.0,2.0,1.0,1.0
JdAh,2.0,2.0,1.0,1.0
JdKh,2.0,2.0,1.0,1.0
JdQh,2.0,2.0,1.0,1.0
JdJh,2.0,2.0,1.0,1.0
JdTh,2.0,2.0,1.0,1.0
Jd9h,2.0,2.0,1.0,1.0
Jd8h,2.0,2.0,1.0,1.0
Jd7h,2.0,2.0,1.0,1.0
Jd6h,2.0,2.0,1.0,1.0
Jd5h,2.0,2.0,1.0,1.0
Jd4h,2.0,2.0,1.0,1.0
Jd3h,2.0,2.0,1.0,1.0
Jd2h,2.0,2.0,1.0,1.0
Td9d,2.0,2.0,1.0,1.0
Td8d,2.0,2.0,1.0,1.0
Td7d,2.0,2.0,1.0,1.0
Td6d,2.0,2.0,1.0,1.0
Td5d,2.0,2.0,1.0,1.0
Td4d,2.0,2.0,1.0,1.0
Td3d,2.0,2.0,1.0,1.0
Td2d,2.0,2.0,1.0,1.0
TdAh,2.0,2.0,1.0,1.0
TdKh,2.0,2.0,1.0,1.0
TdQh,2.0,2.0,1.0,1.0
TdJh,2.0,2.0,1.0,1.0
TdTh,2.0,2.0,1.0,1.0
Td9h,2.0,2.0,1.0,1.0
Td8h,2.0,2.0,1.0,1.0
Td7h,2.0,2.0,1.0,1.0
Td6h,2.0,2.0,1.0,1.0
Td5h,2.0,2.0,1.0,1.0
Td4h,2.0,2.0,1.0,1.0
Td3h,2.0,2.0,1.0,1.0
Td2h,2.0,2.0,1.0,1.0
9d8d,2.0,2.0,1.0,1.0
9d7d,2.0,2.0,1.0,1.0
9d6d,2.0,2.0,1.0,1.0
9d5d,2.0,2.0,1.0,1.0
9d4d,2.0,2.0,1.0,1.0
9d3d,2.0,2.0,1.0,1.0
9d2d,2.0,2.0,1.0,1.0
9dAh,2.0,2.0,1.0,1.0
9dKh,2.0,2.0,1.0,1.0
9dQh,2.0,2.0,1.0,1.0
9dJh,2.0,2.0,1.0,1.0
9dTh,2.0,2.0,1.0,1.0
9d9h,2.0,2.0,1.0,1.0
9d8h,2.0,2.0,1.0,1.0
9d7h,2.0,2.0,1.0,1.0
9d6h,2.0,2.0,1.0,1.0
9d5h,2.0,2.0,1.0,1.0
9d4h,2.0,2.0,1.0,1.0
9d3h,2.0,2.0,1.0,1.0
9d2h,2.0,2.0,1.0,1.0
8d7d,2.0,2.0,1.0,1.0
8d6d,2.0,2.0,1.0,1.0
8d5d,2.0,2.0,1.0,1.0
8d4d,2.0,2.0,1.0,1.0
8d3d,2.0,2.0,1.0,1.0
8d2d,2.0,2.0,1.0,1.0
8dAh,2.0,2.0,1.0,1.0
8dKh,2.0,2.0,1.0,1.0
8dQh,2.0,2.0,1.0,1.0
8dJh,2.0,2.0,1.0,1.0
8dTh,2.0,2.0,1.0,1.0
8d9h,2.0,2.0,1.0,1.0
8d8h,2.0,2.0,1.0,1.0
8d7h,2.0,2.0,1.0,1.0
8d6h,2.0,2.0,1.0,1.0
8d5h,2.0,2.0,1.0,1.0
8d4h,2.0,2.0,1.0,1.0
8d3h,2.0,2.0,1.0,1.0
8d2h,2.0,2.0,1.0,1.0
7d6d,2.0,2.0,1.0,1.0
7d5d,2.0,2.0,1.0,1.0
7d4d,2.0,2.0,1.0,1.0
7d3d,2.0,2.0,1.0,1.0
7d2d,2.0,2.0,1.0,1.0
7dAh,2.0,2.0,1.0,1.0
7dKh,2.0,2.0,1.0,1.0
7dQh,2.0,2.0,1.0,1.0
7dJh,2.0,2.0,1.0,1.0
7dTh,2.0,2.0,1.0,1.0
7d9h,2.0,2.0,1.0,1.0
7d8h,2.0,2.0,1.0,1.0
7d7h,2.0,2.0,1.0,1.0
7d6h,2.0,2.0,1.0,1.0
7d5h,2.0,2.0,1.0,1.0
7d4h,2.0,2.0,1.0,1.0
7d3h,2.0,2.0,1.0,1.0
7d2h,2.0,2.0,1.0,1.0
6d5d,2.0,2.0,1.0,1.0
6d4d,2.0,2.0,1.0,1.0
6d3d,2.0,2.0,1.0,1.0
6d2d,2.0,2.0,1.0,1.0
6dAh,2.0,2.0,1.0,1.0
6dKh,2.0,2.0,1.0,1.0
6dQh,2.0,2.0,1.0,1.0
6dJh,2.0,2.0,1.0,1.0
6dTh,2.0,2.0,1.0,1.0
6d9h,2.0,2.0,1.0,1.0
6d8h,2.0,2.0,1.0,1.0
6d7h,2.0,2.0,1.0,1.0
6d6h,2.0,2.0,1.0,1.0
6d5h,2.0,2.0,1.0,1.0
6d4h,2.0,2.0,1.0,1.0
6d3h,2.0,2.0,1.0,1.0
6d2h,2.0,2.0,1.0,1.0
5d4d,2.0,2.0,1.0,1.0
5d3d,2.0,2.0,1.0,1.0
5d2d,2.0,2.0,1.0,1.0
5dAh,2.0,2.0,1.0,1.0
5dKh,2.0,2.0,1.0,1.0
5dQh,2.0,2.0,1.0,1.0
5dJh,2.0,2.0,1.0,1.0
5dTh,2.0,2.0,1.0,1.0
5d9h,2.0,2.0,1.0,1.0
5d8h,2.0,2.0,1.0,1.0
5d7h,2.0,2.0,1.0,1.0
5d6h,2.0,2.0,1.0,1.0
5d5h,2.0,2.0,1.0,1.0
5d4h,2.0,2.0,1.0,1.0
5d3h,2.0,2.0,1.0,1.0
5d2h,2.0,2.0,1.0,1.0
4d3d,2.0,2.0,1.0,1.0
4d2d,2.0,2.0,1.0,1.0
4dAh,2.0,2.0,1.0,1.0
4dKh,2.0,2.0,1.0,1.0
4dQh,2.0,2.0,1.0,1.0
4dJh,2.0,2.0,1.0,1.0
4dTh,2.0,2.0,1.0,1.0
4d9h,2.0,2.0,1.0,1.0
4d8h,2.0,2.0,1.0,1.0
4d7h,2.0,2.0,1.0,1.0
4d6h,2.0,2.0,1.0,1.0
4d5h,2.0,2.0,1.0,1.0
4d4h,2.0,2.0,1.0,1.0
4d3h,2.0,2.0,1.0,1.0
4d2h,2.0,2.0,1.0,1.0
3d2d,2.0,2.0,1.0,1.0
3dAh,2.0,2.0,1.0,1.0
3dKh,2.0,2.0,1.0,1.0
3dQh,2.0,2.0,1.0,1.0
3dJh,2.0,2.0,1.0,1.0
3dTh,2.0,2.0,1.0,1.0
3d9h,2.0,2.0,1.0,1.0
3d8h,2.0,2.0,1.0,1.0
3d7h,2.0,2.0,1.0,1.0
3d6h,2.0,2.0,1.0,1.0
3d5h,2.0,2.0,1.0,1.0
3d4h,2.0,2.0,1.0,1.0
3d3h,2.0,2.0,1.0,1.0
3d2h,2.0,2.0,1.0,1.0
2dAh,2.0,2.0,1.0,1.0
2dKh,2.0,2.0,1.0,1.0
2dQh,2.0,2.0,1.0,1.0
2dJh,2.0,2.0,1.0,1.0
2dTh,2.0,2.0,1.0,1.0
2d9h,2.0,2.0,1.0,1.0
2d8h,2.0,2.0,1.0,1.0
2d7h,2.0,2.0,1.0,1.0
2d6h,2.0,2.0,1.0,1.0
2d5h,2.0,2.0,1.0,1.0
2d4h,2.0,2.0,1.0,1.0
2d3h,2.0,2.0,1.0,1.0
2d2h,2.0,2.0,1.0,1.0
AhKh,2.0,2.0,1.0,1.0
AhQh,2.0,2.0,1.0,1.0
AhJh,2.0,2.0,1.0,1.0
AhTh,2.0,2.0,1.0,1.0
Ah9h,2.0,2.0,1.0,1.0
Ah8h,2.0,2.0,1.0,1.0
Ah7h,2.0,2.0,1.0,1.0
Ah6h,2.0,2.0,1.0,1.0
Ah5h,2.0,2.0,1.0,1.0
Ah4h,2.0,2.0,1.0,1.0
Ah3h,2.0,2.0,1.0,1.0
Ah2h,2.0,2.0,1.0,1.0
KhQh,2.0,2.0,1.0,1.0
KhJh,2.0,2.0,1.0,1.0
KhTh,2.0,2.0,1.0,1.0
Kh9h,2.0,2.0,1.0,1.0
Kh8h,2.0,2.0,1.0,1.0
Kh7h,2.0,2.0,1.0,1.0
Kh6h,2.0,2.0,1.0,1.0
Kh5h,2.0,2.0,1.0,1.0
Kh4h,2.0,2.0,1.0,1.0
Kh3h,2.0,2.0,1.0,1.0
Kh2h,2.0,2.0,1.0,1.0
QhJh,2.0,2.0,1.0,1.0
QhTh,2.0,2.0,1.0,1.0
Qh9h,2.0,2.0,1.0,1.0
Qh8h,2.0,2.0,1.0,1.0
Qh7h,2.0,2.0,1.0,1.0
Qh6h,2.0,2.0,1.0,1.0
Qh5h,2.0,2.0,1.0,1.0
Qh4h,2.0,2.0,1.0,1.0
Qh3h,2.0,2.0,1.0,1.0
Qh2h,2.0,2.0,1.0,1.0
JhTh,2.0,2.0,1.0,1.0
Jh9h,2.0,2.0,1.0,1.0
Jh8h,2.0,2.0,1.0,1.0
Jh7h,2.0,2.0,1.0,1.0
Jh6h,2.0,2.0,1.0,1.0
Jh5h,2.0,2.0,1.0,1.0
Jh4h,2.0,2.0,1.0,1.0
Jh3h,2.0,2.0,1.0,1.0
Jh2h,2.0,2.0,1.0,1.0
Th9h,2.0,2.0,1.0,1.0
Th8h,2.0,2.0,1.0,1.0
Th7h,2.0,2.0,1.0,1.0
Th6h,2.0,2.0,1.0,1.0
Th5h,2.0,2.0,1.0,1.0
Th4h,2.0,2.0,1.0,1.0
Th3h,2.0,2.0,1.0,1.0
Th2h,2.0,2.0,1.0,1.0
9h8h,2.0,2.0,1.0,1.0
9h7h,2.0,2.0,1.0,1.0
9h6h,2.0,2.0,1.0,1.0
9h5h,2.0,2.0,1.0,1.0
9h4h,2.0,2.0,1.0,1.0
9h3h,2.0,2.0,1.0,1.0
9h2h,2.0,2.0,1.0,1.0
8h7h,2.0,2.0,1.0,1.0
8h6h,2.0,2.0,1.0,1.0
8h5h,2.0,2.0,1.0,1.0
8h4h,2.0,2.0,1.0,1.0
8h3h,2.0,2.0,1.0,1.0
8h2h,2.0,2.0,1.0,1.0
7h6h,2.0,2.0,1.0,1.0
7h5h,2.0,2.0,1.0,1.0
7h4h,2.0,2.0,1.0,1.0
7h3h,2.0,2.0,1.0,1.0
7h2h,2.0,2.0,1.0,1.0
6h5h,2.0,2.0,1.0,1.0
6h4h,2.0,2.0,1.0,1.0
6h3h,2.0,2.0,1.0,1.0
6h2h,2.0,2.0,1.0,1.0
5h4h,2.0,2.0,1.0,1.0
5h3h,2.0,2.0,1.0,1.0
5h2h,2.0,2.0,1.0,1.0
4h3h,2.0,2.0,1.0,1.0
4h2h,2.0,2.0,1.0,1.0
3h2h,2.0,2.0,1.0,1.0
